Experiment n. 0
0 0.01
100 0.48
202 0.90
302 1.29
403 1.64
503 1.96
604 2.24
705 2.49
805 2.72
906 2.93
1007 3.12
1107 3.29
1207 3.46
1309 3.60
1409 3.73
1509 3.85
1611 3.95
1711 4.05
1812 4.13
1913 4.21
2013 4.27
2114 4.33
2215 4.39
2315 4.46
2416 4.51
2516 4.55
2617 4.59
2718 4.62
2818 4.67
2920 4.69
3020 4.72
3120 4.73
3222 4.75
3322 4.77
3422 4.80
3524 4.82
3624 4.82
3724 4.85
3825 4.86
3926 4.88
4026 4.89
4127 4.90
4228 4.90
4329 4.90
4429 4.90
4530 4.91
4631 4.93
4731 4.94
4832 4.94
4933 4.95
5033 4.94
5133 4.96
5235 4.96
5335 4.96
5436 4.95
5537 4.95
5637 4.95
5738 4.96
5839 4.97
5939 4.97
6040 4.97
Discharging...
0 4.98
100 4.49
201 4.08
301 3.70
402 3.35
503 3.04
603 2.74
704 2.48
805 2.25
905 2.05
1006 1.86
1107 1.69
1207 1.53
1308 1.39
1408 1.26
1509 1.15
1610 1.04
1710 0.95
1812 0.86
1912 0.78
2012 0.71
2114 0.65
2214 0.58
2314 0.53
2415 0.48
2516 0.44
2616 0.40
2717 0.37
2818 0.33
2918 0.30
3019 0.27
3120 0.25
3221 0.23
3321 0.21
3421 0.19
3523 0.17
3623 0.16
3723 0.15
3825 0.13
3925 0.12
4025 0.11
4127 0.10
4227 0.09
4327 0.08
4428 0.08
4529 0.06
4630 0.06
4730 0.06
4831 0.05
4932 0.04
5032 0.04
5133 0.04
5234 0.04
5334 0.03
5434 0.03
5536 0.03
5636 0.02
5736 0.02
5838 0.02
5938 0.02
6039 0.02
Experiment n. 1
0 0.02
100 0.49
201 0.92
301 1.30
402 1.65
503 1.96
603 2.25
703 2.50
805 2.73
905 2.95
1006 3.14
1106 3.31
1207 3.47
1308 3.60
1408 3.72
1509 3.84
1610 3.95
1710 4.05
1811 4.14
1912 4.22
2012 4.29
2113 4.35
2214 4.41
2314 4.46
2415 4.52
2516 4.54
2616 4.58
2717 4.61
2818 4.66
2918 4.70
3019 4.72
3120 4.75
3220 4.76
3321 4.79
3422 4.81
3523 4.82
3623 4.83
3723 4.84
3825 4.85
3925 4.87
4025 4.89
4127 4.89
4227 4.91
4327 4.91
4429 4.92
4529 4.93
4629 4.93
4731 4.94
4831 4.93
4932 4.93
5032 4.94
5133 4.95
5234 4.96
5334 4.96
5435 4.97
5536 4.96
5636 4.98
5737 4.98
5838 4.98
5938 4.97
6040 4.96
Discharging...
0 4.97
100 4.50
201 4.08
302 3.70
402 3.34
503 3.04
604 2.74
704 2.50
805 2.26
905 2.05
1006 1.86
1107 1.69
1207 1.53
1308 1.39
1409 1.26
1509 1.14
1610 1.04
1711 0.95
1811 0.86
1912 0.78
2013 0.71
2113 0.65
2214 0.59
2315 0.53
2415 0.48
2516 0.44
2616 0.40
2718 0.37
2818 0.33
2918 0.30
3020 0.27
3120 0.25
3220 0.23
3322 0.21
3422 0.19
3522 0.17
3623 0.16
3724 0.14
3824 0.13
3925 0.12
4026 0.11
4127 0.10
4227 0.09
4328 0.08
4429 0.08
4529 0.07
4629 0.06
4731 0.06
4831 0.05
4931 0.05
5033 0.05
5133 0.04
5234 0.04
5334 0.04
5435 0.03
5536 0.03
5636 0.02
5737 0.02
5838 0.02
5938 0.02
6039 0.02
Experiment n. 2
0 0.02
100 0.49
200 0.91
302 1.30
402 1.65
503 1.96
603 2.25
704 2.51
805 2.74
905 2.95
1006 3.13
1107 3.30
1207 3.46
1307 3.60
1409 3.73
1509 3.85
1609 3.95
1711 4.05
1811 4.14
1912 4.22
2013 4.29
2113 4.35
2214 4.39
2315 4.45
2415 4.50
2516 4.56
2616 4.59
2717 4.62
2818 4.67
2918 4.69
3020 4.73
3120 4.75
3220 4.77
3322 4.78
3422 4.79
3522 4.80
3624 4.83
3724 4.85
3824 4.86
3925 4.88
4026 4.88
4126 4.90
4227 4.91
4328 4.91
4429 4.92
4529 4.92
4630 4.92
4731 4.92
4831 4.93
4932 4.93
5033 4.95
5133 4.96
5233 4.95
5335 4.96
5435 4.96
5536 4.97
5637 4.97
5737 4.98
5838 4.98
5939 4.98
6039 4.96
Discharging...
0 4.96
101 4.49
201 4.07
302 3.69
402 3.35
503 3.04
604 2.75
704 2.49
805 2.26
906 2.05
1006 1.86
1107 1.69
1208 1.53
1308 1.39
1409 1.27
1509 1.15
1610 1.04
1711 0.95
1811 0.86
1912 0.78
2013 0.71
2113 0.65
2215 0.59
2315 0.53
2415 0.48
2517 0.44
2617 0.40
2717 0.37
2818 0.33
2919 0.30
3019 0.27
3120 0.25
3221 0.23
3322 0.21
3422 0.19
3523 0.17
3624 0.16
3724 0.15
3824 0.13
3926 0.12
4026 0.11
4126 0.10
4228 0.09
4328 0.08
4428 0.07
4530 0.07
4630 0.06
4731 0.06
4831 0.05
4932 0.05
5033 0.04
5133 0.04
5234 0.03
5335 0.03
5435 0.03
5535 0.03
5637 0.02
5737 0.02
5837 0.02
5939 0.02
6039 0.01
Experiment n. 3
0 0.01
101 0.49
201 0.92
302 1.30
402 1.65
503 1.96
604 2.24
704 2.50
804 2.74
906 2.94
1006 3.14
1107 3.31
1208 3.46
1308 3.60
1409 3.72
1509 3.85
1610 3.96
1711 4.05
1811 4.13
1912 4.22
2013 4.29
2113 4.34
2214 4.40
2315 4.47
2415 4.51
2517 4.56
2617 4.60
2717 4.62
2818 4.65
2919 4.68
3019 4.71
3120 4.75
3221 4.77
3321 4.78
3422 4.81
3523 4.81
3624 4.84
3724 4.85
3825 4.87
3926 4.88
4026 4.88
4126 4.88
4228 4.89
4328 4.90
4428 4.92
4530 4.93
4630 4.93
4730 4.94
4832 4.94
4932 4.95
5033 4.95
5134 4.96
5234 4.96
5335 4.97
5435 4.95
5536 4.95
5637 4.96
5737 4.98
5838 4.98
5939 4.97
6039 4.98
Discharging...
0 4.97
101 4.51
201 4.08
302 3.70
403 3.35
503 3.03
604 2.74
705 2.49
805 2.26
906 2.05
1006 1.86
1107 1.69
1208 1.53
1308 1.39
1410 1.27
1510 1.15
1610 1.04
1711 0.94
1812 0.86
1912 0.78
2013 0.71
2114 0.65
2214 0.59
2315 0.53
2416 0.49
2516 0.44
2617 0.40
2717 0.37
2819 0.33
2919 0.30
3019 0.27
3121 0.25
3221 0.23
3321 0.21
3423 0.19
3523 0.18
3623 0.16
3725 0.14
3825 0.13
3925 0.12
4026 0.11
4127 0.10
4228 0.09
4328 0.08
4429 0.07
4530 0.07
4630 0.06
4731 0.06
4832 0.05
4932 0.05
5032 0.04
5134 0.04
5234 0.03
5335 0.03
5436 0.03
5536 0.03
5637 0.02
5737 0.02
5838 0.02
5939 0.02
6039 0.02
Experiment n. 4
0 0.02
101 0.49
201 0.92
301 1.30
403 1.65
503 1.96
604 2.24
705 2.50
805 2.74
906 2.95
1006 3.13
1107 3.31
1208 3.46
1308 3.61
1409 3.73
1510 3.85
1610 3.94
1710 4.04
1812 4.13
1912 4.22
2013 4.29
2114 4.35
2214 4.41
2315 4.45
2416 4.52
2516 4.56
2617 4.59
2718 4.62
2818 4.65
2919 4.68
3019 4.72
3121 4.75
3221 4.77
3321 4.79
3423 4.80
3523 4.82
3623 4.84
3725 4.85
3825 4.86
3925 4.86
4027 4.87
4127 4.88
4227 4.91
4328 4.92
4429 4.92
4530 4.93
4630 4.92
4731 4.94
4832 4.95
4932 4.95
5033 4.94
5134 4.94
5234 4.94
5335 4.96
5436 4.97
5536 4.97
5636 4.97
5738 4.97
5838 4.98
5939 4.98
6040 4.98
Discharging...
0 4.97
101 4.49
202 4.07
302 3.68
403 3.34
503 3.04
604 2.75
705 2.49
805 2.26
906 2.05
1007 1.86
1107 1.69
1208 1.53
1309 1.39
1409 1.26
1510 1.14
1611 1.04
1711 0.94
1812 0.86
1912 0.78
2013 0.71
2114 0.64
2214 0.59
2316 0.53
2416 0.48
2516 0.44
2618 0.40
2718 0.37
2818 0.33
2919 0.31
3020 0.27
3120 0.25
3221 0.23
3322 0.21
3423 0.19
3523 0.18
3624 0.16
3725 0.14
3825 0.13
3926 0.12
4027 0.11
4127 0.10
4227 0.09
4329 0.08
4429 0.07
4529 0.07
4631 0.06
4731 0.06
4832 0.05
4932 0.05
5033 0.04
5134 0.04
5234 0.04
5335 0.03
5436 0.03
5536 0.03
5637 0.02
5738 0.02
5838 0.02
5938 0.02
6040 0.02
Experiment n. 5
0 0.02
101 0.49
202 0.92
302 1.30
403 1.65
503 1.96
604 2.24
705 2.50
805 2.74
905 2.95
1007 3.14
1107 3.31
1208 3.46
1309 3.61
1409 3.73
1510 3.85
1611 3.94
1711 4.04
1812 4.13
1913 4.22
2013 4.29
2114 4.35
2214 4.41
2315 4.45
2416 4.52
2516 4.56
2618 4.59
2718 4.62
2818 4.65
2920 4.67
3020 4.71
3120 4.75
3222 4.76
3322 4.79
3422 4.80
3523 4.82
3624 4.84
3724 4.85
3825 4.87
3926 4.86
4027 4.87
4127 4.88
4228 4.90
4329 4.91
4429 4.91
4530 4.93
4631 4.92
4731 4.95
4831 4.95
4933 4.95
5033 4.94
5134 4.94
5235 4.94
5335 4.96
5436 4.97
5537 4.97
5637 4.96
5738 4.97
5839 4.98
5939 4.97
6040 4.98
Discharging...
1 4.99
101 4.51
202 4.08
302 3.69
404 3.34
504 3.03
604 2.74
705 2.50
806 2.26
906 2.04
1007 1.86
1107 1.69
1208 1.53
1309 1.39
1409 1.27
1511 1.15
1611 1.04
1711 0.94
1813 0.86
1913 0.78
2013 0.71
2114 0.65
2215 0.59
2315 0.54
2416 0.48
2517 0.44
2617 0.40
2718 0.37
2819 0.33
2920 0.30
3020 0.27
3120 0.25
3222 0.23
3322 0.21
3422 0.19
3524 0.18
3624 0.16
3724 0.15
3826 0.13
3926 0.12
4026 0.11
4128 0.10
4228 0.09
4329 0.08
4429 0.08
4530 0.06
4631 0.06
4731 0.05
4832 0.05
4933 0.05
5033 0.05
5133 0.04
5235 0.04
5335 0.03
5436 0.03
5537 0.03
5637 0.02
5738 0.02
5839 0.02
5939 0.02
6040 0.02
Experiment n. 6
1 0.02
101 0.49
202 0.92
302 1.30
402 1.65
504 1.96
604 2.25
705 2.50
806 2.73
906 2.95
1007 3.14
1107 3.30
1208 3.47
1309 3.61
1409 3.73
1510 3.84
1611 3.94
1711 4.04
1812 4.14
1913 4.21
2013 4.28
2114 4.35
2215 4.40
2315 4.47
2416 4.51
2517 4.56
2617 4.59
2718 4.61
2819 4.65
2919 4.69
3020 4.72
3121 4.74
3222 4.77
3322 4.79
3422 4.80
3524 4.83
3624 4.84
3724 4.85
3826 4.85
3926 4.86
4026 4.87
4128 4.90
4228 4.91
4328 4.91
4430 4.92
4530 4.92
4631 4.94
4731 4.94
4832 4.95
4933 4.94
5033 4.94
5134 4.94
5235 4.95
5335 4.97
5436 4.96
5537 4.97
5637 4.97
5739 4.98
5839 4.98
5939 4.98
6041 4.98
Discharging...
0 4.97
100 4.49
201 4.07
302 3.70
402 3.35
503 3.03
603 2.75
704 2.49
805 2.26
905 2.06
1006 1.87
1107 1.69
1207 1.53
1308 1.39
1409 1.26
1509 1.14
1610 1.04
1711 0.95
1811 0.86
1912 0.78
2013 0.71
2113 0.65
2214 0.59
2314 0.53
2416 0.48
2516 0.44
2616 0.40
2718 0.37
2818 0.33
2918 0.30
3020 0.27
3120 0.25
3220 0.23
3321 0.21
3422 0.19
3523 0.18
3623 0.16
3724 0.15
3825 0.13
3925 0.12
4026 0.11
4127 0.10
4227 0.09
4327 0.08
4429 0.07
4529 0.07
4629 0.06
4731 0.06
4831 0.06
4932 0.05
5033 0.04
5133 0.04
5234 0.04
5334 0.03
5435 0.03
5536 0.03
5636 0.02
5737 0.02
5838 0.02
5938 0.02
6039 0.02
Experiment n. 7
0 0.02
100 0.49
201 0.92
302 1.30
402 1.65
503 1.96
603 2.25
704 2.50
805 2.74
905 2.95
1006 3.14
1107 3.31
1207 3.46
1307 3.59
1409 3.72
1509 3.85
1610 3.96
1711 4.05
1811 4.14
1912 4.21
2013 4.29
2113 4.35
2214 4.41
2315 4.45
2415 4.50
2516 4.54
2616 4.59
2718 4.63
2818 4.66
2918 4.69
3020 4.72
3120 4.75
3220 4.77
3322 4.79
3422 4.81
3522 4.81
3624 4.82
3724 4.84
3824 4.87
3925 4.88
4026 4.88
4127 4.90
4227 4.90
4328 4.92
4429 4.92
4529 4.93
4630 4.92
4731 4.92
4831 4.93
4932 4.95
5033 4.95
5133 4.95
5234 4.96
5335 4.96
5435 4.96
5536 4.96
5637 4.97
5737 4.98
5838 4.98
5939 4.96
6039 4.96
Discharging...
0 4.98
101 4.51
201 4.08
302 3.70
402 3.35
504 3.04
604 2.74
704 2.50
805 2.26
906 2.05
1006 1.87
1107 1.69
1208 1.53
1308 1.39
1409 1.27
1509 1.15
1611 1.04
1711 0.95
1811 0.86
1913 0.78
2013 0.71
2113 0.65
2215 0.59
2315 0.53
2415 0.48
2516 0.43
2617 0.40
2717 0.37
2818 0.33
2919 0.30
3020 0.27
3120 0.25
3221 0.23
3322 0.21
3422 0.19
3522 0.17
3624 0.16
3724 0.14
3824 0.13
3926 0.13
4026 0.11
4126 0.10
4228 0.09
4328 0.08
4429 0.08
4529 0.07
4630 0.07
4731 0.06
4831 0.05
4932 0.05
5033 0.04
5133 0.04
5233 0.03
5335 0.04
5435 0.03
5535 0.03
5637 0.03
5737 0.02
5838 0.02
5939 0.02
6039 0.01
Experiment n. 8
0 0.02
100 0.49
201 0.92
302 1.30
402 1.65
503 1.96
604 2.25
704 2.51
805 2.74
906 2.95
1006 3.13
1107 3.30
1207 3.46
1308 3.61
1409 3.73
1509 3.85
1610 3.96
1711 4.05
1811 4.14
1912 4.22
2013 4.29
2113 4.34
2215 4.39
2315 4.45
2415 4.51
2516 4.56
2617 4.58
2717 4.63
2818 4.65
2919 4.70
3019 4.72
3120 4.75
3221 4.76
3322 4.77
3422 4.79
3523 4.81
3624 4.84
3724 4.85
3824 4.86
3926 4.88
4026 4.89
4126 4.90
4228 4.91
4328 4.92
4428 4.91
4530 4.91
4630 4.92
4731 4.93
4832 4.94
4932 4.95
5033 4.95
5133 4.95
5234 4.96
5335 4.96
5435 4.97
5536 4.97
5637 4.97
5737 4.96
5839 4.96
5939 4.96
6039 4.98
Discharging...
0 4.98
100 4.50
200 4.08
301 3.69
402 3.35
502 3.04
603 2.75
703 2.49
804 2.26
905 2.05
1005 1.86
1107 1.69
1207 1.53
1307 1.39
1408 1.27
1509 1.15
1609 1.04
1710 0.95
1811 0.86
1911 0.78
2012 0.71
2113 0.65
2213 0.59
2314 0.53
2415 0.48
2516 0.44
2616 0.40
2716 0.37
2818 0.33
2918 0.30
3018 0.27
3120 0.25
3220 0.23
3320 0.21
3422 0.19
3522 0.18
3622 0.16
3723 0.15
3824 0.13
3925 0.12
4025 0.11
4126 0.10
4227 0.09
4327 0.09
4428 0.08
4529 0.07
4629 0.06
4729 0.06
4831 0.05
4931 0.04
5032 0.04
5133 0.04
5233 0.04
5334 0.03
5434 0.03
5535 0.03
5636 0.02
5736 0.03
5837 0.02
5938 0.02
6038 0.02
Experiment n. 9
0 0.02
101 0.49
201 0.92
302 1.30
403 1.65
503 1.96
604 2.25
704 2.50
805 2.74
906 2.95
1006 3.13
1107 3.30
1208 3.46
1308 3.59
1408 3.72
1510 3.85
1610 3.96
1711 4.05
1812 4.13
1912 4.22
2013 4.29
2114 4.35
2214 4.40
2315 4.47
2416 4.51
2516 4.56
2617 4.60
2717 4.62
2819 4.65
2919 4.68
3019 4.71
3121 4.74
3221 4.77
3321 4.79
3423 4.81
3523 4.82
3623 4.84
3725 4.85
3825 4.86
3925 4.87
4026 4.89
4127 4.90
4228 4.91
4328 4.92
4429 4.91
4530 4.91
4630 4.92
4731 4.92
4832 4.93
4932 4.95
5033 4.96
5134 4.95
5234 4.96
5335 4.96
5436 4.96
5536 4.97
5637 4.97
5738 4.97
5838 4.98
5939 4.96
6040 4.96
Discharging...
0 4.97
101 4.51
202 4.08
302 3.69
403 3.35
503 3.04
605 2.75
705 2.50
805 2.26
906 2.05
1007 1.87
1107 1.69
1208 1.53
1309 1.39
1409 1.27
1510 1.15
1610 1.05
1711 0.95
1812 0.86
1912 0.78
2014 0.71
2114 0.65
2214 0.59
2316 0.53
2416 0.48
2516 0.44
2617 0.40
2718 0.37
2818 0.33
2919 0.30
3020 0.27
3121 0.25
3221 0.23
3322 0.21
3423 0.19
3523 0.18
3623 0.16
3725 0.14
3825 0.13
3925 0.13
4027 0.11
4127 0.11
4227 0.09
4329 0.08
4429 0.08
4530 0.07
4630 0.06
4731 0.06
4832 0.05
4932 0.05
5033 0.04
5134 0.04
5234 0.04
5335 0.04
5436 0.03
5536 0.03
5636 0.02
5738 0.02
5838 0.02
5939 0.02
6040 0.02
Experiment n. 10
0 0.02
101 0.49
202 0.91
302 1.30
403 1.65
503 1.96
604 2.25
705 2.50
805 2.74
906 2.94
1007 3.13
1107 3.30
1208 3.46
1309 3.61
1409 3.73
1510 3.85
1610 3.96
1711 4.05
1812 4.14
1912 4.22
2013 4.29
2114 4.34
2214 4.39
2316 4.45
2416 4.51
2516 4.56
2618 4.59
2718 4.63
2818 4.65
2919 4.70
3020 4.72
3120 4.75
3221 4.76
3322 4.77
3423 4.78
3523 4.82
3624 4.84
3725 4.85
3825 4.86
3926 4.87
4027 4.89
4127 4.90
4227 4.91
4329 4.91
4429 4.90
4529 4.91
4631 4.92
4731 4.94
4832 4.95
4933 4.95
5033 4.95
5134 4.95
5235 4.96
5335 4.97
5436 4.97
5536 4.96
5637 4.96
5738 4.96
5838 4.98
5939 4.98
6040 4.97
Discharging...
0 4.98
102 4.50
202 4.08
302 3.70
403 3.35
504 3.04
604 2.75
705 2.49
805 2.26
906 2.05
1007 1.86
1107 1.69
1209 1.53
1309 1.39
1409 1.26
1511 1.15
1611 1.04
1711 0.95
1812 0.86
1913 0.78
2013 0.71
2114 0.64
2215 0.59
2315 0.54
2416 0.48
2517 0.44
2618 0.40
2718 0.37
2818 0.33
2920 0.30
3020 0.28
3120 0.25
3222 0.23
3322 0.21
3422 0.19
3524 0.17
3624 0.16
3724 0.15
3825 0.13
3926 0.12
4027 0.11
4127 0.10
4228 0.09
4329 0.08
4429 0.08
4530 0.07
4631 0.06
4731 0.06
4831 0.05
4933 0.05
5033 0.04
5134 0.04
5235 0.04
5335 0.03
5436 0.03
5536 0.03
5637 0.02
5738 0.02
5838 0.02
5939 0.01
6040 0.02
Experiment n. 11
0 0.02
101 0.49
202 0.92
302 1.30
403 1.65
504 1.96
604 2.24
705 2.50
805 2.74
906 2.94
1007 3.13
1107 3.31
1208 3.47
1309 3.61
1409 3.74
1511 3.85
1611 3.96
1711 4.04
1812 4.13
1913 4.20
2013 4.29
2114 4.35
2215 4.41
2315 4.46
2416 4.50
2517 4.56
2617 4.59
2718 4.63
2819 4.65
2920 4.68
3020 4.71
3120 4.75
3222 4.77
3322 4.78
3422 4.80
3524 4.81
3624 4.84
3724 4.85
3826 4.87
3926 4.88
4026 4.87
4128 4.88
4228 4.89
4329 4.91
4430 4.92
4530 4.92
4631 4.94
4731 4.93
4832 4.95
4933 4.95
5033 4.95
5134 4.95
5235 4.94
5335 4.95
5437 4.97
5537 4.97
5637 4.96
5739 4.98
5839 4.97
5939 4.96
6040 4.98
Discharging...
0 4.98
100 4.51
201 4.08
302 3.70
402 3.34
503 3.03
603 2.74
705 2.49
805 2.26
905 2.05
1006 1.86
1107 1.69
1207 1.53
1308 1.39
1409 1.27
1509 1.15
1610 1.04
1711 0.94
1811 0.86
1912 0.78
2013 0.71
2114 0.65
2214 0.59
2314 0.54
2416 0.48
2516 0.44
2616 0.40
2718 0.37
2818 0.33
2918 0.30
3020 0.27
3120 0.25
3221 0.23
3321 0.21
3422 0.19
3523 0.17
3623 0.16
3724 0.15
3825 0.14
3925 0.13
4026 0.11
4127 0.10
4227 0.09
4327 0.08
4429 0.08
4529 0.07
4630 0.06
4731 0.05
4831 0.06
4932 0.05
5033 0.04
5133 0.04
5234 0.04
5334 0.03
5435 0.02
5536 0.03
5636 0.02
5738 0.02
5838 0.02
5938 0.02
6039 0.02
Experiment n. 12
0 0.02
100 0.49
201 0.92
302 1.30
402 1.65
503 1.96
603 2.25
704 2.50
805 2.73
905 2.95
1006 3.13
1107 3.31
1207 3.47
1308 3.61
1409 3.73
1509 3.84
1610 3.94
1711 4.04
1811 4.14
1912 4.22
2013 4.29
2113 4.35
2214 4.40
2314 4.47
2416 4.51
2516 4.56
2616 4.58
2718 4.61
2818 4.65
2918 4.69
3020 4.72
3120 4.75
3220 4.76
3322 4.78
3422 4.81
3522 4.82
3624 4.84
3724 4.85
3825 4.87
3925 4.86
4026 4.87
4127 4.88
4227 4.91
4328 4.92
4429 4.92
4529 4.93
4630 4.92
4731 4.95
4831 4.95
4933 4.95
5033 4.94
5133 4.94
5234 4.94
5335 4.96
5435 4.97
5536 4.96
5637 4.97
5737 4.97
5838 4.98
5939 4.98
6039 4.98
Discharging...
0 4.97
100 4.49
202 4.07
302 3.69
402 3.35
504 3.04
604 2.75
704 2.49
805 2.26
906 2.05
1006 1.86
1107 1.69
1207 1.53
1309 1.39
1409 1.26
1509 1.14
1611 1.04
1711 0.95
1811 0.86
1913 0.78
2013 0.71
2113 0.65
2215 0.59
2315 0.53
2415 0.48
2516 0.44
2617 0.40
2718 0.37
2818 0.33
2919 0.31
3020 0.27
3120 0.25
3221 0.23
3322 0.21
3422 0.19
3522 0.18
3624 0.16
3724 0.15
3824 0.13
3926 0.12
4026 0.11
4127 0.10
4228 0.09
4328 0.08
4429 0.08
4529 0.07
4630 0.06
4731 0.06
4831 0.06
4932 0.05
5033 0.04
5133 0.04
5234 0.03
5335 0.03
5435 0.03
5536 0.03
5637 0.02
5737 0.02
5838 0.02
5939 0.02
6039 0.02
Experiment n. 13
0 0.02
101 0.49
201 0.91
302 1.30
402 1.65
504 1.96
604 2.25
704 2.50
805 2.74
906 2.95
1006 3.14
1107 3.31
1208 3.46
1308 3.60
1409 3.72
1509 3.85
1610 3.96
1711 4.05
1811 4.14
1913 4.21
2013 4.29
2113 4.35
2215 4.41
2315 4.45
2415 4.50
2517 4.54
2617 4.59
2717 4.63
2818 4.65
2919 4.70
3020 4.71
3120 4.75
3221 4.77
3322 4.79
3422 4.81
3523 4.81
3624 4.82
3724 4.84
3825 4.87
3926 4.88
4026 4.88
4126 4.90
4228 4.90
4328 4.92
4429 4.92
4530 4.93
4630 4.92
4731 4.93
4832 4.93
4932 4.95
5033 4.96
5134 4.95
5234 4.96
5335 4.95
5435 4.97
5537 4.97
5637 4.98
5737 4.97
5839 4.96
5939 4.96
6039 4.97
Discharging...
0 4.98
100 4.51
200 4.08
301 3.70
402 3.34
502 3.04
603 2.75
704 2.49
805 2.26
905 2.05
1005 1.86
1107 1.69
1207 1.53
1307 1.39
1409 1.26
1509 1.15
1609 1.04
1710 0.95
1811 0.86
1911 0.78
2012 0.71
2113 0.65
2214 0.59
2314 0.53
2415 0.48
2516 0.44
2616 0.40
2716 0.37
2818 0.33
2918 0.30
3018 0.28
3120 0.25
3220 0.23
3321 0.21
3422 0.19
3522 0.17
3623 0.16
3723 0.15
3824 0.13
3925 0.12
4025 0.11
4126 0.10
4227 0.09
4327 0.08
4428 0.08
4529 0.07
4629 0.06
4730 0.06
4831 0.05
4931 0.05
5032 0.04
5133 0.05
5233 0.03
5334 0.03
5435 0.03
5535 0.03
5636 0.03
5736 0.02
5837 0.02
5938 0.02
6038 0.02
Experiment n. 14
0 0.01
100 0.49
200 0.92
301 1.30
402 1.65
502 1.96
603 2.25
704 2.50
804 2.73
905 2.94
1005 3.13
1107 3.31
1207 3.47
1307 3.61
1409 3.73
1509 3.85
1609 3.96
1711 4.05
1811 4.14
1911 4.20
2012 4.27
2113 4.34
2213 4.41
2314 4.46
2415 4.51
2516 4.56
2616 4.58
2717 4.63
2818 4.67
2918 4.69
3019 4.72
3120 4.73
3220 4.76
3320 4.78
3422 4.80
3522 4.82
3622 4.83
3724 4.85
3824 4.85
3925 4.88
4026 4.89
4126 4.90
4227 4.90
4328 4.90
4428 4.90
4529 4.92
4629 4.94
4730 4.94
4831 4.94
4931 4.95
5033 4.95
5133 4.96
5233 4.96
5335 4.97
5435 4.95
5535 4.95
5637 4.95
5737 4.97
5837 4.98
5938 4.97
6039 4.98
Discharging...
0 4.98
101 4.51
202 4.08
303 3.70
403 3.35
503 3.03
605 2.74
705 2.49
805 2.26
906 2.05
1007 1.86
1107 1.69
1208 1.53
1309 1.39
1410 1.27
1510 1.15
1611 1.04
1712 0.94
1812 0.86
1913 0.78
2014 0.71
2114 0.65
2214 0.58
2316 0.54
2416 0.48
2516 0.44
2618 0.40
2718 0.37
2819 0.34
2920 0.30
3020 0.28
3121 0.25
3221 0.23
3322 0.21
3423 0.19
3523 0.18
3624 0.17
3725 0.14
3825 0.13
3926 0.12
4027 0.11
4127 0.10
4228 0.09
4329 0.08
4429 0.07
4530 0.07
4631 0.06
4731 0.05
4832 0.05
4933 0.05
5033 0.05
5134 0.04
5234 0.04
5336 0.03
5436 0.03
5536 0.03
5638 0.02
5738 0.02
5838 0.02
5939 0.02
6040 0.02
Experiment n. 15
0 0.02
101 0.49
202 0.92
302 1.30
403 1.65
503 1.96
605 2.25
705 2.51
805 2.73
907 2.94
1007 3.12
1107 3.30
1208 3.47
1309 3.60
1409 3.73
1510 3.85
1611 3.95
1711 4.05
1812 4.14
1913 4.22
2014 4.28
2114 4.34
2214 4.39
2316 4.46
2416 4.51
2516 4.55
2618 4.60
2718 4.62
2818 4.67
2920 4.69
3020 4.72
3121 4.74
3222 4.75
3322 4.77
3423 4.80
3523 4.82
3624 4.83
3725 4.85
3825 4.86
3926 4.88
4027 4.89
4127 4.90
4228 4.91
4329 4.90
4429 4.91
4531 4.91
4631 4.93
4731 4.94
4832 4.93
4933 4.95
5033 4.95
5134 4.96
5235 4.96
5335 4.97
5436 4.97
5537 4.95
5638 4.95
5738 4.96
5839 4.98
5940 4.98
6040 4.98
Discharging...
1 4.98
102 4.50
202 4.09
302 3.70
404 3.35
504 3.04
604 2.74
705 2.49
806 2.26
907 2.05
1007 1.87
1107 1.69
1209 1.53
1309 1.40
1409 1.26
1511 1.15
1611 1.05
1711 0.95
1813 0.86
1913 0.78
2013 0.71
2115 0.65
2215 0.59
2316 0.53
2416 0.48
2517 0.44
2618 0.40
2718 0.37
2819 0.33
2920 0.31
3020 0.27
3121 0.25
3222 0.22
3322 0.21
3422 0.19
3524 0.17
3624 0.16
3725 0.14
3826 0.13
3926 0.12
4027 0.11
4128 0.10
4228 0.09
4329 0.08
4429 0.07
4530 0.07
4631 0.07
4731 0.06
4833 0.05
4933 0.05
5033 0.04
5134 0.04
5235 0.04
5335 0.03
5436 0.03
5537 0.03
5637 0.02
5738 0.02
5839 0.02
5939 0.02
6040 0.02
Experiment n. 16
0 0.01
101 0.49
201 0.92
301 1.30
403 1.65
503 1.96
603 2.24
704 2.50
805 2.74
905 2.95
1006 3.13
1106 3.31
1208 3.46
1308 3.61
1408 3.73
1510 3.85
1610 3.95
1710 4.04
1812 4.13
1912 4.22
2012 4.29
2114 4.35
2214 4.41
2314 4.46
2415 4.51
2516 4.56
2617 4.59
2717 4.63
2818 4.65
2919 4.68
3019 4.71
3120 4.73
3221 4.77
3321 4.79
3422 4.80
3523 4.82
3623 4.84
3723 4.85
3825 4.87
3925 4.88
4026 4.89
4127 4.88
4227 4.89
4328 4.90
4429 4.92
4529 4.93
4630 4.93
4731 4.94
4831 4.93
4932 4.95
5032 4.96
5134 4.96
5234 4.95
5334 4.95
5436 4.95
5536 4.95
5636 4.97
5738 4.98
5838 4.97
5938 4.98
6040 4.97
Discharging...
0 4.98
100 4.51
201 4.08
302 3.70
403 3.35
503 3.03
603 2.74
705 2.49
805 2.26
905 2.05
1007 1.87
1107 1.69
1207 1.53
1308 1.39
1409 1.27
1509 1.15
1610 1.04
1711 0.95
1812 0.86
1912 0.78
2013 0.71
2114 0.65
2214 0.58
2315 0.53
2416 0.48
2516 0.44
2616 0.40
2718 0.37
2818 0.34
2919 0.30
3020 0.27
3120 0.24
3221 0.23
3322 0.21
3422 0.19
3523 0.18
3623 0.16
3724 0.15
3825 0.13
3925 0.12
4026 0.11
4127 0.10
4227 0.09
4329 0.08
4429 0.07
4529 0.07
4630 0.06
4731 0.06
4831 0.06
4932 0.05
5033 0.04
5133 0.04
5234 0.04
5334 0.03
5436 0.03
5536 0.03
5636 0.02
5738 0.02
5838 0.02
5938 0.02
6040 0.02
Experiment n. 17
0 0.02
100 0.49
201 0.92
302 1.30
402 1.65
503 1.97
604 2.25
705 2.51
805 2.73
905 2.94
1007 3.13
1107 3.30
1207 3.46
1309 3.61
1409 3.74
1509 3.85
1610 3.96
1711 4.05
1811 4.14
1912 4.22
2013 4.29
2114 4.34
2214 4.39
2315 4.45
2416 4.51
2516 4.56
2617 4.59
2718 4.63
2818 4.65
2918 4.70
3020 4.72
3120 4.75
3221 4.76
3322 4.78
3422 4.79
3523 4.81
3624 4.84
3724 4.85
3825 4.86
3926 4.88
4026 4.88
4127 4.90
4227 4.91
4328 4.92
4429 4.91
4529 4.91
4631 4.92
4731 4.94
4831 4.94
4933 4.94
5033 4.95
5133 4.95
5235 4.96
5335 4.97
5435 4.97
5536 4.97
5637 4.96
5737 4.96
5838 4.96
5939 4.97
6040 4.98
Discharging...
0 4.98
101 4.51
202 4.08
302 3.70
402 3.35
504 3.04
604 2.75
704 2.49
805 2.26
906 2.05
1007 1.86
1107 1.69
1208 1.53
1309 1.39
1409 1.26
1510 1.14
1611 1.05
1711 0.95
1811 0.86
1913 0.78
2013 0.71
2113 0.65
2215 0.58
2315 0.53
2416 0.49
2517 0.44
2617 0.40
2718 0.36
2818 0.34
2919 0.30
3020 0.28
3120 0.25
3221 0.23
3322 0.21
3422 0.19
3524 0.17
3624 0.16
3724 0.14
3825 0.13
3926 0.12
4026 0.11
4127 0.10
4228 0.09
4328 0.08
4429 0.08
4530 0.07
4630 0.06
4731 0.06
4831 0.06
4933 0.05
5033 0.04
5133 0.04
5235 0.04
5335 0.03
5435 0.03
5536 0.03
5637 0.02
5737 0.02
5838 0.02
5939 0.02
6039 0.03
Experiment n. 18
0 0.01
101 0.49
202 0.92
302 1.30
402 1.65
504 1.96
604 2.24
704 2.50
805 2.73
906 2.94
1006 3.14
1107 3.31
1208 3.47
1309 3.61
1409 3.73
1510 3.86
1611 3.96
1711 4.05
1811 4.13
1913 4.20
2013 4.28
2113 4.35
2215 4.41
2315 4.45
2415 4.51
2517 4.55
2617 4.60
2718 4.63
2819 4.67
2919 4.69
3020 4.71
3120 4.73
3221 4.76
3322 4.78
3422 4.81
3523 4.82
3624 4.84
3724 4.85
3825 4.87
3926 4.88
4026 4.89
4128 4.88
4228 4.89
4328 4.90
4429 4.92
4530 4.93
4630 4.94
4731 4.93
4832 4.94
4932 4.95
5033 4.95
5134 4.96
5235 4.96
5335 4.97
5436 4.95
5537 4.95
5637 4.96
5738 4.97
5839 4.98
5939 4.97
6039 4.98
Discharging...
0 4.97
100 4.51
200 4.08
302 3.70
402 3.35
503 3.03
603 2.74
704 2.49
805 2.26
905 2.05
1005 1.86
1107 1.69
1207 1.53
1307 1.39
1409 1.27
1509 1.15
1609 1.04
1711 0.95
1811 0.86
1912 0.78
2013 0.71
2113 0.65
2214 0.59
2314 0.53
2415 0.49
2516 0.44
2616 0.40
2717 0.37
2818 0.33
2918 0.30
3020 0.27
3120 0.25
3220 0.23
3321 0.21
3422 0.19
3522 0.17
3623 0.16
3724 0.15
3824 0.13
3925 0.12
4026 0.11
4126 0.10
4227 0.09
4327 0.08
4429 0.08
4529 0.07
4629 0.06
4731 0.06
4831 0.05
4931 0.05
5032 0.04
5133 0.04
5233 0.04
5334 0.03
5435 0.03
5536 0.02
5636 0.02
5737 0.02
5838 0.02
5938 0.02
6038 0.01
Experiment n. 19
0 0.02
100 0.49
200 0.92
302 1.30
402 1.65
502 1.96
603 2.24
704 2.51
805 2.73
905 2.94
1005 3.14
1107 3.30
1207 3.47
1307 3.61
1409 3.74
1509 3.85
1609 3.94
1711 4.04
1811 4.13
1911 4.20
2013 4.29
2113 4.35
2214 4.41
2314 4.45
2415 4.51
2516 4.56
2616 4.58
2717 4.62
2818 4.67
2918 4.69
3019 4.72
3120 4.75
3220 4.76
3322 4.77
3422 4.79
3522 4.81
3623 4.82
3724 4.84
3824 4.87
3925 4.88
4026 4.88
4126 4.90
4227 4.91
4328 4.90
4428 4.91
4529 4.93
4630 4.94
4731 4.94
4831 4.95
4931 4.93
5033 4.94
5133 4.95
5233 4.96
5335 4.97
5435 4.97
5535 4.97
5637 4.97
5737 4.98
5837 4.98
5939 4.98
6039 4.97
Discharging...
0 4.96
100 4.49
201 4.08
302 3.70
402 3.35
503 3.03
604 2.75
704 2.49
804 2.27
906 2.05
1006 1.86
1107 1.69
1207 1.53
1308 1.39
1409 1.26
1509 1.15
1610 1.04
1711 0.95
1811 0.86
1912 0.78
2013 0.71
2113 0.65
2213 0.59
2315 0.53
2415 0.48
2516 0.44
2617 0.40
2717 0.37
2818 0.34
2919 0.30
3019 0.27
3120 0.25
3220 0.23
3321 0.21
3422 0.19
3522 0.18
3624 0.16
3724 0.15
3824 0.13
3926 0.12
4026 0.11
4126 0.10
4227 0.09
4328 0.08
4428 0.07
4529 0.07
4630 0.06
4730 0.06
4831 0.05
4932 0.05
5033 0.05
5133 0.04
5233 0.04
5335 0.03
5435 0.03
5535 0.03
5637 0.02
5737 0.02
5837 0.02
5938 0.02
6039 0.02
Experiment n. 20
0 0.02
101 0.49
202 0.92
303 1.30
403 1.65
503 1.96
605 2.25
705 2.50
805 2.74
907 2.95
1007 3.13
1107 3.30
1208 3.46
1309 3.60
1409 3.72
1510 3.85
1611 3.96
1712 4.05
1812 4.14
1913 4.22
2014 4.29
2114 4.34
2215 4.41
2316 4.46
2416 4.51
2516 4.56
2618 4.59
2718 4.62
2819 4.65
2920 4.68
3020 4.71
3121 4.74
3222 4.77
3322 4.79
3423 4.80
3524 4.82
3624 4.84
3725 4.85
3825 4.86
3926 4.88
4027 4.89
4127 4.90
4229 4.91
4329 4.92
4429 4.91
4531 4.91
4631 4.92
4731 4.92
4833 4.94
4933 4.95
5033 4.94
5134 4.96
5235 4.95
5336 4.97
5436 4.97
5537 4.97
5638 4.97
5738 4.96
5839 4.96
5940 4.97
6040 4.98
Discharging...
0 4.97
101 4.50
201 4.08
301 3.69
403 3.35
503 3.04
604 2.75
704 2.49
805 2.26
906 2.05
1006 1.86
1107 1.69
1208 1.53
1308 1.39
1408 1.26
1510 1.14
1610 1.05
1710 0.95
1812 0.86
1912 0.79
2013 0.71
2114 0.64
2214 0.58
2315 0.53
2416 0.48
2516 0.44
2617 0.40
2717 0.36
2818 0.33
2919 0.30
3019 0.28
3121 0.25
3221 0.23
3321 0.21
3423 0.19
3523 0.17
3623 0.16
3724 0.14
3825 0.13
3925 0.12
4026 0.11
4127 0.10
4227 0.09
4328 0.08
4429 0.08
4530 0.07
4630 0.06
4730 0.06
4832 0.05
4932 0.05
5032 0.05
5134 0.03
5234 0.04
5334 0.03
5435 0.03
5536 0.03
5636 0.02
5737 0.02
5838 0.02
5939 0.02
6039 0.01
Experiment n. 21
0 0.02
101 0.49
201 0.92
301 1.30
403 1.65
503 1.96
603 2.24
704 2.50
805 2.73
906 2.94
1006 3.14
1107 3.31
1208 3.47
1308 3.61
1408 3.73
1510 3.85
1610 3.95
1710 4.05
1812 4.13
1912 4.20
2012 4.27
2114 4.35
2214 4.41
2315 4.46
2416 4.51
2516 4.54
2617 4.60
2717 4.63
2818 4.67
2919 4.68
3019 4.71
3120 4.73
3221 4.76
3321 4.79
3423 4.80
3523 4.82
3623 4.84
3725 4.85
3825 4.87
3925 4.88
4026 4.89
4127 4.88
4227 4.89
4328 4.90
4429 4.92
4529 4.93
4630 4.93
4731 4.94
4832 4.93
4932 4.95
5033 4.95
5134 4.96
5234 4.95
5334 4.95
5436 4.95
5536 4.97
5636 4.97
5738 4.97
5838 4.98
5938 4.98
6040 4.98
Discharging...
0 4.98
101 4.51
202 4.08
302 3.69
403 3.34
503 3.03
604 2.74
705 2.49
805 2.26
905 2.05
1007 1.86
1107 1.70
1208 1.53
1309 1.39
1409 1.27
1510 1.15
1610 1.04
1711 0.95
1812 0.86
1912 0.78
2013 0.71
2114 0.65
2214 0.59
2315 0.54
2416 0.48
2516 0.44
2617 0.41
2718 0.37
2818 0.33
2919 0.30
3020 0.28
3120 0.26
3221 0.23
3322 0.21
3422 0.19
3523 0.17
3624 0.16
3724 0.14
3825 0.13
3925 0.12
4027 0.11
4127 0.10
4227 0.09
4329 0.08
4429 0.08
4529 0.07
4630 0.05
4731 0.06
4831 0.05
4932 0.05
5033 0.04
5134 0.04
5234 0.03
5335 0.03
5436 0.03
5536 0.03
5636 0.03
5738 0.02
5838 0.02
5938 0.02
6040 0.02
Experiment n. 22
0 0.02
100 0.49
202 0.92
302 1.30
403 1.65
503 1.96
604 2.25
705 2.51
805 2.74
905 2.94
1007 3.12
1107 3.30
1207 3.47
1309 3.61
1409 3.73
1509 3.85
1610 3.95
1711 4.06
1812 4.14
1912 4.22
2013 4.29
2114 4.34
2214 4.39
2315 4.45
2416 4.52
2516 4.56
2617 4.59
2718 4.63
2818 4.66
2920 4.70
3020 4.72
3120 4.75
3221 4.76
3322 4.77
3422 4.79
3523 4.82
3624 4.84
3724 4.84
3825 4.87
3926 4.86
4026 4.89
4127 4.90
4228 4.91
4329 4.91
4429 4.90
4529 4.91
4631 4.92
4731 4.94
4831 4.95
4933 4.95
5033 4.95
5133 4.96
5235 4.96
5335 4.96
5436 4.97
5537 4.97
5637 4.97
5738 4.98
5838 4.98
5939 4.97
6040 4.97
Discharging...
0 4.96
101 4.49
202 4.07
302 3.70
402 3.35
504 3.04
604 2.75
705 2.49
806 2.26
906 2.05
1007 1.87
1107 1.69
1208 1.53
1309 1.39
1409 1.27
1510 1.15
1611 1.05
1711 0.95
1811 0.86
1913 0.78
2013 0.71
2114 0.65
2215 0.59
2315 0.53
2416 0.49
2517 0.44
2617 0.40
2718 0.37
2818 0.33
2919 0.30
3020 0.27
3120 0.25
3222 0.23
3322 0.21
3422 0.20
3524 0.18
3624 0.16
3724 0.14
3826 0.13
3926 0.12
4026 0.11
4127 0.10
4228 0.08
4328 0.08
4429 0.07
4530 0.07
4631 0.06
4731 0.06
4831 0.06
4933 0.05
5033 0.04
5133 0.04
5235 0.04
5335 0.03
5435 0.03
5537 0.03
5637 0.02
5737 0.02
5838 0.02
5939 0.02
6040 0.02
Experiment n. 23
1 0.02
101 0.49
202 0.91
302 1.30
402 1.65
504 1.96
604 2.25
704 2.50
806 2.74
906 2.95
1007 3.14
1107 3.31
1208 3.46
1309 3.60
1409 3.72
1510 3.85
1611 3.96
1711 4.05
1812 4.14
1913 4.21
2013 4.29
2113 4.35
2215 4.41
2315 4.45
2416 4.50
2517 4.54
2617 4.59
2718 4.63
2819 4.66
2919 4.69
3020 4.72
3121 4.75
3221 4.77
3322 4.79
3422 4.80
3524 4.81
3624 4.82
3724 4.84
3826 4.86
3926 4.88
4026 4.88
4128 4.90
4228 4.90
4328 4.92
4430 4.92
4530 4.93
4630 4.92
4731 4.92
4832 4.93
4933 4.95
5033 4.95
5134 4.94
5235 4.96
5335 4.96
5436 4.97
5537 4.97
5637 4.98
5738 4.97
5839 4.96
5939 4.96
6039 4.96
Discharging...
0 4.98
100 4.50
201 4.07
302 3.70
402 3.34
503 3.04
603 2.75
704 2.50
805 2.26
905 2.05
1005 1.86
1107 1.69
1207 1.53
1307 1.39
1409 1.27
1509 1.15
1610 1.05
1711 0.95
1811 0.86
1912 0.78
2013 0.71
2113 0.64
2214 0.59
2314 0.53
2415 0.48
2516 0.44
2616 0.40
2718 0.37
2818 0.33
2918 0.30
3020 0.27
3120 0.25
3220 0.23
3321 0.21
3422 0.19
3522 0.17
3623 0.16
3724 0.14
3824 0.13
3925 0.12
4026 0.10
4127 0.10
4227 0.09
4327 0.08
4429 0.07
4529 0.07
4629 0.06
4731 0.06
4831 0.05
4931 0.05
5032 0.05
5133 0.04
5234 0.04
5334 0.03
5435 0.03
5536 0.03
5636 0.02
5737 0.02
5838 0.02
5938 0.02
6038 0.01
Experiment n. 24
0 0.02
100 0.49
200 0.92
302 1.30
402 1.65
503 1.96
603 2.25
704 2.50
805 2.74
905 2.94
1005 3.13
1107 3.30
1207 3.47
1307 3.61
1409 3.73
1509 3.85
1609 3.95
1711 4.06
1811 4.14
1912 4.22
2013 4.28
2113 4.34
2214 4.39
2314 4.46
2415 4.51
2516 4.55
2616 4.59
2717 4.62
2818 4.67
2918 4.69
3020 4.72
3120 4.75
3220 4.75
3322 4.77
3422 4.79
3522 4.82
3623 4.84
3724 4.85
3824 4.87
3925 4.87
4026 4.89
4126 4.90
4227 4.91
4328 4.90
4429 4.91
4529 4.91
4630 4.93
4731 4.94
4831 4.93
4931 4.95
5033 4.95
5133 4.96
5233 4.96
5335 4.96
5435 4.97
5535 4.97
5637 4.96
5737 4.96
5838 4.96
5939 4.96
6039 4.97
Discharging...
0 4.98
100 4.51
201 4.08
302 3.69
402 3.35
503 3.04
604 2.75
704 2.49
805 2.26
906 2.06
1006 1.86
1107 1.69
1207 1.53
1308 1.40
1409 1.26
1509 1.14
1610 1.04
1711 0.94
1811 0.86
1912 0.78
2013 0.71
2113 0.65
2215 0.59
2315 0.53
2415 0.49
2516 0.44
2617 0.40
2717 0.37
2818 0.33
2919 0.30
3019 0.27
3120 0.25
3221 0.23
3322 0.21
3422 0.19
3522 0.17
3624 0.16
3724 0.14
3824 0.14
3926 0.12
4026 0.11
4126 0.10
4228 0.09
4328 0.08
4428 0.07
4529 0.07
4630 0.06
4731 0.06
4831 0.05
4932 0.05
5033 0.05
5133 0.04
5233 0.04
5335 0.03
5435 0.03
5535 0.03
5637 0.02
5737 0.02
5837 0.02
5939 0.02
6039 0.01
Experiment n. 25
0 0.02
100 0.49
201 0.92
302 1.30
402 1.65
503 1.96
604 2.25
704 2.50
804 2.73
906 2.94
1006 3.14
1107 3.31
1207 3.46
1308 3.61
1409 3.73
1509 3.84
1610 3.96
1711 4.05
1811 4.14
1912 4.20
2013 4.27
2113 4.34
2214 4.40
2315 4.47
2415 4.51
2516 4.56
2617 4.59
2717 4.64
2818 4.66
2919 4.69
3019 4.72
3120 4.73
3221 4.75
3321 4.78
3422 4.81
3523 4.82
3623 4.84
3724 4.85
3824 4.86
3926 4.88
4026 4.89
4126 4.90
4228 4.89
4328 4.90
4428 4.90
4530 4.93
4630 4.94
4730 4.92
4832 4.94
4932 4.94
5033 4.96
5133 4.96
5234 4.96
5335 4.96
5435 4.95
5536 4.95
5637 4.96
5737 4.98
5838 4.98
5939 4.98
6039 4.98
Discharging...
0 4.97
101 4.50
201 4.08
302 3.70
403 3.35
503 3.04
604 2.75
704 2.50
805 2.26
906 2.05
1006 1.86
1107 1.69
1208 1.53
1308 1.39
1408 1.26
1510 1.15
1610 1.04
1711 0.95
1812 0.86
1912 0.78
2013 0.71
2114 0.65
2214 0.59
2315 0.53
2415 0.49
2516 0.44
2617 0.40
2717 0.37
2819 0.33
2919 0.30
3019 0.28
3121 0.25
3221 0.23
3321 0.21
3422 0.19
3523 0.17
3623 0.16
3724 0.14
3825 0.13
3925 0.12
4026 0.11
4127 0.10
4228 0.09
4328 0.09
4428 0.07
4530 0.07
4630 0.06
4730 0.06
4832 0.05
4932 0.05
5032 0.04
5134 0.04
5234 0.03
5335 0.03
5435 0.03
5536 0.03
5637 0.02
5737 0.02
5838 0.02
5939 0.01
6039 0.02
Experiment n. 26
0 0.02
101 0.49
201 0.92
301 1.30
403 1.65
503 1.96
604 2.25
704 2.50
805 2.73
906 2.94
1006 3.12
1107 3.31
1208 3.47
1308 3.60
1409 3.73
1510 3.84
1610 3.96
1710 4.05
1812 4.14
1912 4.21
2013 4.27
2114 4.34
2214 4.41
2315 4.46
2416 4.50
2516 4.56
2617 4.59
2718 4.63
2818 4.66
2919 4.69
3019 4.72
3121 4.73
3221 4.75
3321 4.78
3423 4.80
3523 4.82
3623 4.83
3725 4.85
3825 4.86
3925 4.88
4027 4.89
4127 4.90
4227 4.89
4328 4.90
4429 4.90
4530 4.93
4630 4.94
4731 4.93
4832 4.94
4932 4.94
5033 4.96
5134 4.96
5234 4.96
5335 4.96
5436 4.95
5536 4.95
5636 4.96
5738 4.98
5838 4.98
5939 4.98
6040 4.98
Discharging...
0 4.98
101 4.51
202 4.08
302 3.70
403 3.34
503 3.03
604 2.74
705 2.49
805 2.26
906 2.05
1007 1.86
1107 1.69
1208 1.53
1309 1.39
1409 1.27
1510 1.15
1611 1.05
1711 0.94
1812 0.86
1912 0.78
2013 0.71
2114 0.65
2214 0.59
2316 0.53
2416 0.48
2516 0.44
2618 0.40
2718 0.37
2818 0.33
2919 0.30
3020 0.27
3120 0.25
3221 0.23
3322 0.22
3423 0.19
3523 0.18
3624 0.16
3725 0.15
3825 0.13
3925 0.12
4027 0.11
4127 0.10
4227 0.09
4329 0.08
4429 0.08
4529 0.07
4631 0.06
4731 0.06
4832 0.05
4932 0.05
5033 0.04
5134 0.04
5234 0.04
5335 0.03
5436 0.03
5536 0.03
5636 0.02
5738 0.02
5838 0.02
5938 0.02
6040 0.02
Experiment n. 27
0 0.02
101 0.49
202 0.92
302 1.30
403 1.65
503 1.96
604 2.24
705 2.50
805 2.74
905 2.95
1007 3.13
1107 3.31
1207 3.47
1309 3.60
1409 3.73
1510 3.86
1611 3.95
1711 4.05
1812 4.14
1912 4.21
2013 4.28
2114 4.34
2214 4.39
2315 4.46
2416 4.51
2516 4.55
2618 4.59
2718 4.62
2818 4.67
2920 4.70
3020 4.72
3120 4.74
3221 4.75
3322 4.77
3422 4.79
3523 4.82
3624 4.84
3724 4.85
3825 4.87
3926 4.87
4027 4.89
4127 4.90
4227 4.91
4329 4.90
4429 4.91
4529 4.91
4631 4.94
4731 4.94
4831 4.94
4933 4.95
5033 4.94
5134 4.95
5235 4.96
5335 4.97
5436 4.97
5537 4.95
5637 4.95
5738 4.96
5838 4.97
5939 4.98
6040 4.98
Discharging...
0 4.98
101 4.51
202 4.08
302 3.69
403 3.35
504 3.04
604 2.75
705 2.49
805 2.26
906 2.05
1007 1.86
1107 1.69
1208 1.53
1309 1.39
1409 1.27
1511 1.15
1611 1.04
1711 0.95
1812 0.86
1913 0.78
2013 0.71
2114 0.65
2215 0.59
2315 0.53
2416 0.48
2517 0.43
2617 0.40
2718 0.37
2818 0.33
2920 0.30
3020 0.27
3120 0.25
3222 0.23
3322 0.21
3422 0.19
3524 0.17
3624 0.16
3724 0.14
3825 0.13
3926 0.13
4026 0.11
4127 0.11
4228 0.09
4329 0.08
4429 0.08
4530 0.07
4631 0.06
4731 0.06
4831 0.05
4933 0.05
5033 0.04
5133 0.04
5235 0.03
5335 0.04
5435 0.03
5537 0.03
5637 0.02
5738 0.02
5838 0.02
5939 0.02
6040 0.01
Experiment n. 28
1 0.02
101 0.49
202 0.91
302 1.30
402 1.65
504 1.96
604 2.25
705 2.50
806 2.74
906 2.94
1007 3.13
1107 3.30
1208 3.46
1309 3.61
1409 3.73
1510 3.85
1611 3.95
1711 4.05
1812 4.14
1913 4.22
2013 4.29
2114 4.34
2215 4.39
2315 4.45
2416 4.50
2517 4.56
2617 4.60
2718 4.63
2819 4.67
2919 4.69
3020 4.73
3121 4.75
3222 4.77
3322 4.78
3422 4.79
3524 4.80
3624 4.84
3724 4.85
3826 4.85
3926 4.88
4026 4.88
4128 4.90
4228 4.91
4328 4.92
4430 4.92
4530 4.91
4631 4.92
4731 4.93
4832 4.95
4933 4.95
5033 4.95
5134 4.96
5235 4.96
5335 4.97
5436 4.97
5537 4.97
5637 4.96
5739 4.96
5839 4.96
5939 4.98
6040 4.98
Discharging...
0 4.98
100 4.51
201 4.07
302 3.70
402 3.35
503 3.04
603 2.75
704 2.49
805 2.26
905 2.05
1006 1.86
1107 1.69
1207 1.54
1308 1.39
1409 1.27
1509 1.15
1610 1.05
1711 0.95
1811 0.86
1912 0.78
2013 0.71
2113 0.64
2214 0.59
2314 0.53
2416 0.48
2516 0.43
2616 0.40
2718 0.37
2818 0.33
2918 0.30
3020 0.28
3120 0.25
3220 0.23
3321 0.21
3422 0.19
3522 0.17
3623 0.16
3724 0.15
3825 0.13
3925 0.12
4026 0.11
4127 0.10
4227 0.09
4327 0.08
4429 0.08
4529 0.07
4629 0.06
4731 0.06
4831 0.05
4932 0.05
5033 0.04
5133 0.04
5234 0.04
5334 0.03
5435 0.03
5536 0.03
5636 0.03
5737 0.02
5838 0.02
5938 0.02
6038 0.02
Experiment n. 29
0 0.02
100 0.49
201 0.91
302 1.30
402 1.65
503 1.96
603 2.25
704 2.50
805 2.74
905 2.94
1005 3.13
1107 3.30
1207 3.46
1307 3.61
1409 3.73
1509 3.85
1610 3.96
1711 4.05
1811 4.14
1912 4.22
2013 4.29
2113 4.34
2214 4.39
2314 4.45
2415 4.51
2516 4.56
2616 4.58
2718 4.63
2818 4.65
2918 4.70
3020 4.72
3120 4.75
3220 4.76
3322 4.78
3422 4.79
3522 4.81
3623 4.84
3724 4.85
3824 4.86
3925 4.88
4026 4.89
4127 4.90
4227 4.91
4328 4.92
4429 4.91
4529 4.91
4630 4.92
4731 4.94
4831 4.95
4931 4.94
5033 4.96
5133 4.94
5234 4.97
5335 4.97
5435 4.97
5536 4.96
5637 4.96
5737 4.96
5838 4.97
5939 4.98
6039 4.98
Discharging...
0 4.98
100 4.50
201 4.08
302 3.70
402 3.35
504 3.04
604 2.75
704 2.49
805 2.26
906 2.05
1006 1.86
1107 1.69
1207 1.53
1308 1.39
1409 1.26
1509 1.15
1610 1.05
1711 0.95
1811 0.87
1913 0.78
2013 0.71
2113 0.64
2215 0.59
2315 0.54
2415 0.48
2516 0.44
2617 0.40
2717 0.37
2818 0.33
2919 0.30
3020 0.28
3120 0.25
3221 0.23
3322 0.21
3422 0.19
3522 0.17
3624 0.16
3724 0.15
3824 0.13
3926 0.12
4026 0.11
4126 0.10
4228 0.09
4328 0.08
4429 0.08
4529 0.07
4630 0.06
4731 0.05
4831 0.05
4932 0.05
5033 0.04
5133 0.04
5233 0.03
5335 0.03
5435 0.03
5535 0.03
5637 0.02
5737 0.02
5838 0.02
5939 0.02
6039 0.02
Experiment n. 30
0 0.02
100 0.49
201 0.92
302 1.30
402 1.65
503 1.96
604 2.24
704 2.50
805 2.73
906 2.95
1006 3.14
1107 3.31
1207 3.47
1308 3.61
1409 3.73
1509 3.84
1610 3.96
1711 4.05
1811 4.14
1912 4.22
2013 4.29
2113 4.34
2215 4.40
2315 4.45
2415 4.50
2516 4.55
2617 4.60
2717 4.63
2818 4.66
2919 4.69
3019 4.72
3120 4.74
3221 4.76
3322 4.79
3422 4.80
3523 4.82
3624 4.84
3724 4.85
3824 4.85
3926 4.86
4026 4.87
4126 4.88
4228 4.90
4328 4.92
4428 4.92
4530 4.93
4630 4.93
4731 4.94
4832 4.94
4932 4.94
5033 4.96
5133 4.96
5234 4.96
5335 4.97
5435 4.97
5536 4.96
5637 4.96
5737 4.96
5838 4.96
5939 4.97
6039 4.98
Discharging...
0 4.98
100 4.50
200 4.08
301 3.70
402 3.35
502 3.03
603 2.75
703 2.49
804 2.26
905 2.05
1005 1.87
1107 1.69
1207 1.54
1307 1.39
1408 1.26
1509 1.14
1609 1.04
1710 0.94
1811 0.86
1911 0.78
2012 0.71
2113 0.65
2213 0.59
2314 0.54
2415 0.48
2516 0.44
2616 0.40
2716 0.37
2818 0.33
2918 0.31
3018 0.28
3120 0.25
3220 0.23
3320 0.21
3422 0.19
3522 0.17
3622 0.16
3723 0.15
3824 0.13
3925 0.12
4025 0.11
4126 0.10
4227 0.09
4327 0.08
4428 0.08
4529 0.07
4629 0.06
4729 0.05
4831 0.05
4931 0.05
5032 0.04
5133 0.04
5233 0.03
5334 0.03
5434 0.03
5535 0.03
5636 0.03
5736 0.02
5837 0.02
5938 0.01
6038 0.02
Experiment n. 31
0 0.02
101 0.49
201 0.92
302 1.30
403 1.65
503 1.97
604 2.25
704 2.50
805 2.73
906 2.94
1006 3.13
1107 3.31
1208 3.47
1308 3.61
1410 3.73
1510 3.84
1610 3.96
1711 4.05
1812 4.14
1912 4.21
2013 4.27
2114 4.34
2214 4.41
2315 4.46
2416 4.50
2516 4.56
2617 4.58
2718 4.63
2819 4.67
2919 4.69
3019 4.72
3121 4.73
3221 4.75
3321 4.78
3423 4.81
3523 4.82
3623 4.84
3725 4.85
3825 4.86
3925 4.88
4027 4.89
4127 4.90
4228 4.89
4328 4.90
4429 4.90
4530 4.93
4630 4.94
4731 4.93
4832 4.94
4932 4.94
5033 4.96
5134 4.96
5234 4.96
5336 4.95
5436 4.95
5536 4.95
5637 4.96
5738 4.98
5838 4.97
5939 4.98
6040 4.98
Discharging...
0 4.98
101 4.51
202 4.08
302 3.70
403 3.34
503 3.03
605 2.74
705 2.49
805 2.26
906 2.05
1007 1.86
1107 1.69
1208 1.53
1309 1.39
1409 1.27
1510 1.15
1611 1.05
1711 0.95
1812 0.86
1912 0.78
2014 0.71
2114 0.65
2214 0.59
2316 0.53
2416 0.48
2516 0.44
2618 0.40
2718 0.37
2818 0.33
2919 0.30
3020 0.27
3121 0.25
3221 0.23
3322 0.21
3423 0.19
3523 0.18
3624 0.16
3725 0.15
3825 0.13
3925 0.12
4027 0.11
4127 0.10
4227 0.09
4329 0.08
4429 0.07
4530 0.07
4631 0.06
4731 0.06
4832 0.05
4932 0.05
5033 0.04
5134 0.04
5234 0.04
5335 0.03
5436 0.03
5536 0.03
5636 0.03
5738 0.02
5838 0.02
5939 0.01
6040 0.02
Experiment n. 32
0 0.01
101 0.49
202 0.92
302 1.30
403 1.65
503 1.96
604 2.25
705 2.51
805 2.73
906 2.95
1007 3.14
1107 3.30
1208 3.47
1309 3.61
1409 3.73
1510 3.84
1611 3.94
1711 4.04
1812 4.14
1912 4.22
2013 4.28
2114 4.35
2214 4.40
2316 4.47
2416 4.51
2516 4.56
2618 4.58
2718 4.61
2818 4.65
2920 4.69
3020 4.72
3120 4.74
3221 4.77
3322 4.78
3422 4.81
3523 4.83
3624 4.84
3725 4.85
3825 4.85
3926 4.86
4027 4.87
4127 4.90
4228 4.91
4329 4.91
4429 4.92
4529 4.92
4631 4.94
4731 4.94
4832 4.95
4933 4.95
5033 4.94
5134 4.94
5235 4.94
5335 4.95
5436 4.97
5537 4.97
5637 4.96
5738 4.98
5839 4.97
5939 4.98
6040 4.98
Discharging...
1 4.98
102 4.50
202 4.07
302 3.69
404 3.34
504 3.04
604 2.75
705 2.50
806 2.26
906 2.05
1007 1.86
1107 1.69
1209 1.53
1309 1.40
1409 1.27
1511 1.14
1611 1.04
1711 0.94
1813 0.86
1913 0.78
2013 0.71
2114 0.65
2215 0.59
2315 0.53
2416 0.48
2517 0.44
2618 0.40
2718 0.37
2819 0.33
2920 0.30
3020 0.27
3120 0.25
3222 0.23
3322 0.21
3422 0.19
3524 0.17
3624 0.16
3724 0.14
3826 0.13
3926 0.12
4027 0.11
4127 0.10
4228 0.09
4329 0.08
4429 0.08
4530 0.07
4631 0.06
4731 0.06
4832 0.05
4933 0.05
5033 0.04
5134 0.04
5235 0.04
5335 0.03
5436 0.03
5537 0.02
5637 0.02
5738 0.02
5838 0.02
5939 0.02
6040 0.02
Experiment n. 33
1 0.02
101 0.49
202 0.92
302 1.30
403 1.65
504 1.96
604 2.25
705 2.50
806 2.74
906 2.95
1007 3.13
1107 3.31
1208 3.47
1309 3.61
1409 3.74
1510 3.85
1611 3.95
1711 4.04
1813 4.13
1913 4.20
2013 4.28
2114 4.35
2215 4.41
2315 4.46
2416 4.51
2517 4.56
2617 4.59
2718 4.62
2819 4.67
2920 4.70
3020 4.72
3121 4.75
3222 4.77
3322 4.78
3422 4.79
3524 4.81
3624 4.82
3724 4.84
3826 4.86
3926 4.88
4026 4.89
4128 4.90
4228 4.91
4329 4.91
4430 4.91
4530 4.93
4631 4.94
4732 4.94
4832 4.95
4933 4.95
5033 4.94
5134 4.94
5235 4.94
5335 4.95
5437 4.96
5537 4.97
5637 4.97
5739 4.97
5839 4.97
5939 4.98
6041 4.98
Discharging...
0 4.97
100 4.51
201 4.08
302 3.70
402 3.35
503 3.04
603 2.75
705 2.49
805 2.26
905 2.05
1007 1.86
1107 1.69
1207 1.53
1308 1.39
1409 1.27
1509 1.14
1610 1.05
1711 0.95
1811 0.87
1912 0.78
2013 0.71
2114 0.65
2214 0.59
2314 0.53
2416 0.48
2516 0.44
2616 0.41
2718 0.37
2818 0.33
2918 0.30
3020 0.28
3120 0.25
3221 0.23
3322 0.21
3422 0.19
3523 0.17
3623 0.16
3724 0.15
3825 0.13
3925 0.12
4026 0.11
4127 0.10
4227 0.09
4328 0.08
4429 0.07
4529 0.07
4630 0.06
4731 0.06
4831 0.05
4932 0.05
5033 0.04
5133 0.04
5234 0.04
5334 0.03
5435 0.03
5536 0.03
5636 0.02
5737 0.02
5838 0.02
5938 0.02
6040 0.02
Experiment n. 34
0 0.01
100 0.49
201 0.92
302 1.30
402 1.65
503 1.96
603 2.24
704 2.50
805 2.73
905 2.95
1007 3.14
1107 3.30
1207 3.47
1308 3.60
1409 3.74
1509 3.85
1610 3.96
1711 4.05
1811 4.13
1912 4.20
2013 4.28
2113 4.35
2214 4.41
2315 4.46
2416 4.51
2516 4.56
2616 4.60
2718 4.63
2818 4.66
2918 4.68
3020 4.70
3120 4.73
3220 4.77
3322 4.79
3422 4.80
3522 4.82
3624 4.83
3724 4.86
3825 4.87
3925 4.88
4026 4.87
4127 4.88
4227 4.89
4328 4.91
4429 4.92
4529 4.92
4630 4.93
4731 4.93
4831 4.95
4933 4.95
5033 4.95
5133 4.96
5234 4.95
5335 4.95
5435 4.95
5536 4.97
5637 4.98
5737 4.97
5838 4.98
5939 4.97
6039 4.98
Discharging...
0 4.98
101 4.51
202 4.07
302 3.69
402 3.34
504 3.03
604 2.75
704 2.49
805 2.26
906 2.06
1006 1.87
1107 1.69
1208 1.53
1309 1.39
1409 1.27
1509 1.14
1611 1.04
1711 0.94
1811 0.86
1913 0.78
2013 0.71
2113 0.65
2215 0.59
2315 0.54
2415 0.49
2517 0.44
2617 0.40
2718 0.37
2818 0.33
2919 0.30
3020 0.28
3120 0.25
3221 0.23
3322 0.21
3422 0.19
3523 0.18
3624 0.16
3724 0.15
3824 0.13
3926 0.12
4026 0.11
4127 0.10
4228 0.09
4328 0.08
4429 0.08
4530 0.08
4630 0.06
4731 0.06
4831 0.05
4932 0.05
5033 0.04
5133 0.04
5235 0.04
5335 0.03
5435 0.03
5536 0.03
5637 0.02
5737 0.03
5838 0.02
5939 0.02
6039 0.02
Experiment n. 35
0 0.02
101 0.49
201 0.91
302 1.30
402 1.65
504 1.96
604 2.24
704 2.50
805 2.74
906 2.94
1006 3.14
1107 3.31
1208 3.47
1308 3.60
1409 3.72
1510 3.84
1610 3.96
1711 4.05
1811 4.13
1913 4.22
2013 4.28
2113 4.35
2215 4.41
2315 4.47
2415 4.51
2517 4.54
2617 4.58
2717 4.62
2819 4.67
2919 4.69
3020 4.72
3120 4.75
3221 4.76
3322 4.79
3422 4.80
3523 4.82
3624 4.82
3724 4.83
3825 4.85
3926 4.88
4026 4.89
4127 4.89
4228 4.90
4328 4.90
4429 4.93
4530 4.93
4630 4.94
4731 4.93
4832 4.93
4932 4.93
5033 4.95
5134 4.96
5234 4.96
5335 4.96
5436 4.97
5537 4.97
5637 4.98
5737 4.98
5839 4.98
5939 4.96
6039 4.96
Discharging...
0 4.97
100 4.50
200 4.08
302 3.69
402 3.35
502 3.04
603 2.75
704 2.50
805 2.26
905 2.05
1005 1.86
1107 1.69
1207 1.53
1307 1.39
1409 1.27
1509 1.15
1609 1.04
1711 0.95
1811 0.86
1911 0.78
2012 0.71
2113 0.65
2214 0.59
2314 0.53
2415 0.48
2516 0.44
2616 0.40
2717 0.36
2818 0.33
2918 0.30
3018 0.27
3120 0.25
3220 0.23
3320 0.21
3422 0.20
3522 0.17
3623 0.16
3724 0.15
3824 0.13
3925 0.12
4025 0.11
4126 0.10
4227 0.09
4327 0.08
4428 0.08
4529 0.07
4629 0.07
4730 0.06
4831 0.05
4931 0.05
5032 0.04
5133 0.04
5233 0.04
5334 0.03
5435 0.03
5535 0.03
5636 0.02
5736 0.02
5837 0.02
5938 0.02
6038 0.02
Experiment n. 36
0 0.02
100 0.50
200 0.92
302 1.30
402 1.65
502 1.97
603 2.25
704 2.51
804 2.74
905 2.94
1005 3.12
1107 3.30
1207 3.47
1307 3.61
1409 3.73
1509 3.85
1609 3.95
1711 4.06
1811 4.14
1911 4.22
2012 4.29
2113 4.34
2213 4.39
2314 4.45
2415 4.50
2516 4.54
2616 4.59
2717 4.63
2818 4.66
2918 4.69
3019 4.72
3120 4.73
3220 4.78
3320 4.79
3422 4.81
3522 4.82
3622 4.82
3724 4.84
3824 4.86
3925 4.88
4026 4.88
4126 4.90
4227 4.91
4328 4.92
4428 4.92
4529 4.93
4629 4.94
4730 4.92
4831 4.93
4931 4.93
5033 4.95
5133 4.96
5233 4.96
5335 4.96
5435 4.96
5535 4.98
5637 4.97
5737 4.98
5837 4.96
5938 4.96
6039 4.96
Discharging...
0 4.98
101 4.51
202 4.08
303 3.70
403 3.35
503 3.03
605 2.76
705 2.50
805 2.26
907 2.05
1007 1.86
1107 1.69
1208 1.53
1309 1.39
1409 1.27
1510 1.15
1611 1.04
1712 0.94
1812 0.86
1913 0.78
2014 0.71
2114 0.65
2214 0.59
2316 0.53
2416 0.48
2516 0.44
2618 0.41
2718 0.37
2819 0.33
2920 0.30
3020 0.27
3121 0.25
3221 0.23
3322 0.21
3423 0.19
3523 0.18
3624 0.16
3725 0.14
3825 0.13
3926 0.12
4027 0.11
4127 0.10
4228 0.09
4329 0.08
4429 0.08
4530 0.07
4631 0.06
4731 0.06
4832 0.05
4933 0.05
5033 0.04
5134 0.04
5234 0.04
5336 0.03
5436 0.03
5536 0.02
5638 0.03
5738 0.02
5838 0.02
5939 0.02
6040 0.02
Experiment n. 37
0 0.02
101 0.49
202 0.92
302 1.30
403 1.65
503 1.96
605 2.25
705 2.50
805 2.73
907 2.94
1007 3.12
1107 3.30
1208 3.47
1309 3.60
1409 3.73
1510 3.85
1611 3.96
1711 4.05
1812 4.14
1913 4.22
2014 4.27
2114 4.34
2214 4.39
2316 4.46
2416 4.51
2516 4.56
2618 4.59
2718 4.62
2818 4.67
2920 4.69
3020 4.73
3121 4.73
3222 4.75
3322 4.77
3423 4.81
3523 4.83
3624 4.83
3725 4.85
3825 4.85
3926 4.88
4027 4.89
4127 4.90
4228 4.90
4329 4.90
4429 4.91
4531 4.91
4631 4.93
4731 4.94
4832 4.95
4933 4.95
5033 4.95
5134 4.96
5235 4.96
5335 4.96
5436 4.95
5537 4.95
5637 4.95
5738 4.97
5839 4.98
5940 4.97
6040 4.98
Discharging...
1 4.98
102 4.51
202 4.08
302 3.70
404 3.35
504 3.03
604 2.74
705 2.49
806 2.26
907 2.05
1007 1.86
1107 1.69
1209 1.53
1309 1.39
1409 1.27
1511 1.15
1611 1.05
1711 0.95
1813 0.86
1913 0.78
2013 0.71
2115 0.65
2215 0.58
2316 0.53
2416 0.49
2517 0.44
2618 0.40
2718 0.37
2819 0.33
2920 0.30
3020 0.27
3121 0.25
3222 0.23
3322 0.21
3422 0.19
3524 0.17
3624 0.16
3725 0.15
3826 0.13
3926 0.12
4027 0.11
4128 0.10
4228 0.09
4329 0.08
4429 0.08
4530 0.07
4631 0.06
4731 0.06
4833 0.05
4933 0.05
5033 0.04
5135 0.04
5235 0.03
5335 0.03
5436 0.03
5537 0.02
5637 0.02
5738 0.03
5839 0.02
5939 0.02
6040 0.01
Experiment n. 38
0 0.02
101 0.49
201 0.92
301 1.30
403 1.65
503 1.96
603 2.24
704 2.50
805 2.73
905 2.94
1006 3.14
1106 3.30
1208 3.47
1308 3.61
1408 3.73
1510 3.85
1610 3.94
1710 4.04
1812 4.13
1912 4.22
2012 4.29
2114 4.35
2214 4.41
2314 4.46
2416 4.52
2516 4.56
2617 4.59
2717 4.62
2818 4.65
2919 4.68
3019 4.72
3120 4.75
3221 4.77
3321 4.79
3422 4.80
3523 4.83
3623 4.84
3724 4.85
3825 4.85
3925 4.86
4026 4.87
4127 4.90
4227 4.91
4328 4.90
4429 4.92
4529 4.92
4630 4.94
4731 4.94
4831 4.95
4932 4.95
5033 4.94
5134 4.94
5234 4.95
5334 4.96
5436 4.97
5536 4.97
5636 4.97
5738 4.97
5838 4.98
5938 4.98
6040 4.98
Discharging...
0 4.96
100 4.49
202 4.07
302 3.69
403 3.35
503 3.04
604 2.75
705 2.49
805 2.26
905 2.05
1007 1.86
1107 1.69
1207 1.53
1309 1.39
1409 1.26
1509 1.14
1610 1.05
1711 0.95
1812 0.86
1912 0.78
2013 0.71
2114 0.65
2214 0.59
2315 0.53
2416 0.49
2516 0.44
2616 0.40
2718 0.37
2818 0.33
2919 0.31
3020 0.27
3120 0.25
3221 0.22
3322 0.21
3422 0.19
3523 0.17
3624 0.16
3724 0.14
3825 0.13
3925 0.12
4026 0.11
4127 0.10
4227 0.09
4329 0.09
4429 0.07
4529 0.07
4630 0.06
4731 0.06
4831 0.05
4932 0.05
5033 0.04
5133 0.04
5234 0.04
5335 0.03
5436 0.03
5536 0.03
5636 0.02
5738 0.03
5838 0.02
5938 0.02
6040 0.02
Experiment n. 39
0 0.02
100 0.48
202 0.92
302 1.30
402 1.65
503 1.96
604 2.25
705 2.50
805 2.74
905 2.95
1007 3.14
1107 3.30
1207 3.46
1309 3.59
1409 3.73
1509 3.85
1610 3.95
1711 4.05
1811 4.14
1912 4.22
2013 4.29
2114 4.35
2214 4.41
2315 4.45
2416 4.50
2516 4.54
2617 4.59
2718 4.63
2818 4.66
2919 4.70
3020 4.72
3120 4.75
3220 4.77
3322 4.79
3422 4.79
3523 4.80
3624 4.82
3724 4.85
3825 4.86
3926 4.86
4026 4.89
4127 4.89
4227 4.91
4328 4.92
4429 4.92
4529 4.93
4631 4.92
4731 4.92
4831 4.93
4933 4.95
5033 4.95
5133 4.95
5235 4.96
5335 4.96
5435 4.97
5537 4.97
5637 4.97
5737 4.96
5838 4.96
5939 4.96
6040 4.98
Discharging...
0 4.98
101 4.50
202 4.08
302 3.70
402 3.35
504 3.04
604 2.75
704 2.50
806 2.26
906 2.05
1007 1.86
1107 1.68
1208 1.53
1309 1.40
1409 1.26
1510 1.15
1611 1.04
1711 0.95
1811 0.86
1913 0.78
2013 0.71
2113 0.64
2215 0.59
2315 0.53
2416 0.48
2517 0.45
2617 0.40
2718 0.37
2818 0.33
2919 0.30
3020 0.28
3120 0.25
3221 0.22
3322 0.21
3422 0.19
3524 0.17
3624 0.16
3724 0.14
3825 0.13
3926 0.12
4026 0.11
4127 0.10
4228 0.09
4328 0.09
4429 0.08
4530 0.07
4630 0.06
4731 0.06
4831 0.05
4933 0.05
5033 0.04
5133 0.04
5235 0.04
5335 0.03
5435 0.03
5537 0.03
5637 0.02
5737 0.02
5838 0.02
5939 0.02
6039 0.02
Experiment n. 40
0 0.02
101 0.49
202 0.91
302 1.30
402 1.65
504 1.96
604 2.25
704 2.50
805 2.73
906 2.94
1006 3.14
1107 3.31
1208 3.46
1308 3.61
1409 3.73
1510 3.86
1611 3.96
1711 4.05
1811 4.13
1913 4.20
2013 4.28
2113 4.34
2215 4.41
2315 4.46
2415 4.51
2517 4.56
2617 4.59
2718 4.63
2819 4.66
2919 4.69
3020 4.71
3121 4.73
3221 4.75
3322 4.79
3422 4.81
3523 4.82
3624 4.84
3724 4.84
3825 4.87
3926 4.88
4026 4.89
4128 4.88
4228 4.89
4328 4.90
4430 4.92
4530 4.93
4630 4.93
4731 4.94
4832 4.94
4932 4.95
5033 4.96
5134 4.96
5235 4.96
5335 4.95
5436 4.95
5537 4.95
5637 4.97
5738 4.98
5839 4.97
5939 4.98
6039 4.97
Discharging...
0 4.99
100 4.51
200 4.08
302 3.69
402 3.34
503 3.03
603 2.74
704 2.49
805 2.26
905 2.05
1005 1.87
1107 1.69
1207 1.54
1307 1.39
1409 1.27
1509 1.15
1609 1.05
1711 0.94
1811 0.86
1912 0.78
2013 0.71
2113 0.65
2214 0.58
2314 0.53
2415 0.48
2516 0.44
2616 0.40
2717 0.37
2818 0.34
2918 0.30
3020 0.27
3120 0.25
3220 0.23
3321 0.22
3422 0.19
3522 0.18
3623 0.16
3724 0.15
3824 0.13
3925 0.12
4026 0.11
4126 0.10
4227 0.09
4327 0.08
4429 0.08
4529 0.07
4629 0.07
4731 0.06
4831 0.05
4931 0.05
5033 0.04
5133 0.04
5233 0.04
5334 0.03
5435 0.03
5535 0.03
5636 0.02
5737 0.02
5838 0.02
5938 0.02
6038 0.01
Experiment n. 41
0 0.02
100 0.49
200 0.92
302 1.30
402 1.65
502 1.96
603 2.25
704 2.50
805 2.74
905 2.94
1005 3.14
1107 3.30
1207 3.47
1307 3.61
1409 3.73
1509 3.85
1609 3.94
1711 4.04
1811 4.13
1911 4.22
2013 4.29
2113 4.35
2214 4.41
2315 4.45
2415 4.52
2516 4.56
2616 4.59
2717 4.62
2818 4.65
2918 4.68
3019 4.72
3120 4.75
3220 4.77
3322 4.78
3422 4.80
3522 4.82
3624 4.83
3724 4.84
3824 4.87
3925 4.88
4026 4.89
4126 4.90
4227 4.89
4328 4.90
4428 4.90
4529 4.93
4630 4.93
4731 4.93
4831 4.95
4932 4.94
5033 4.96
5133 4.96
5233 4.96
5335 4.96
5435 4.95
5535 4.95
5637 4.96
5737 4.98
5837 4.98
5939 4.98
6039 4.98
Discharging...
0 4.98
101 4.51
201 4.08
302 3.70
402 3.35
503 3.03
604 2.74
704 2.49
804 2.26
906 2.05
1006 1.86
1107 1.69
1208 1.53
1308 1.39
1409 1.27
1509 1.15
1610 1.05
1711 0.94
1811 0.86
1912 0.78
2013 0.71
2113 0.65
2214 0.59
2315 0.53
2415 0.48
2516 0.44
2617 0.40
2717 0.37
2818 0.33
2919 0.30
3019 0.27
3120 0.25
3221 0.23
3321 0.22
3422 0.19
3522 0.18
3623 0.16
3724 0.15
3824 0.13
3926 0.12
4026 0.11
4126 0.10
4228 0.09
4328 0.08
4428 0.07
4529 0.07
4630 0.06
4730 0.06
4831 0.05
4932 0.05
5033 0.04
5133 0.04
5234 0.03
5335 0.04
5435 0.03
5535 0.03
5637 0.02
5737 0.02
5837 0.02
5939 0.02
6039 0.02
Experiment n. 42
0 0.02
102 0.49
202 0.92
303 1.30
403 1.65
504 1.96
605 2.25
705 2.50
805 2.73
907 2.95
1007 3.14
1107 3.30
1209 3.47
1309 3.61
1409 3.73
1510 3.84
1611 3.94
1712 4.04
1812 4.14
1913 4.22
2014 4.28
2114 4.35
2215 4.40
2316 4.47
2416 4.51
2517 4.56
2618 4.58
2718 4.61
2819 4.65
2920 4.69
3020 4.72
3121 4.74
3222 4.77
3322 4.78
3423 4.81
3524 4.82
3624 4.84
3725 4.85
3826 4.85
3926 4.86
4027 4.87
4128 4.90
4229 4.91
4329 4.91
4429 4.92
4531 4.92
4631 4.94
4731 4.94
4833 4.95
4933 4.94
5033 4.94
5135 4.94
5235 4.96
5336 4.97
5437 4.96
5537 4.97
5638 4.96
5738 4.98
5839 4.98
5940 4.98
6040 4.98
Discharging...
0 4.96
101 4.49
201 4.06
302 3.70
403 3.35
503 3.03
604 2.75
705 2.49
805 2.26
906 2.05
1006 1.86
1107 1.69
1208 1.53
1308 1.39
1409 1.26
1510 1.15
1610 1.05
1711 0.94
1812 0.86
1912 0.79
2013 0.71
2114 0.65
2214 0.59
2315 0.53
2416 0.48
2516 0.44
2617 0.40
2718 0.37
2818 0.33
2919 0.30
3019 0.28
3121 0.25
3221 0.23
3321 0.21
3423 0.19
3523 0.18
3623 0.16
3725 0.14
3825 0.12
3925 0.12
4026 0.11
4127 0.10
4227 0.09
4328 0.08
4429 0.07
4530 0.07
4630 0.06
4731 0.06
4832 0.05
4932 0.05
5032 0.04
5134 0.04
5234 0.04
5334 0.03
5436 0.03
5536 0.02
5636 0.02
5737 0.02
5838 0.02
5939 0.02
6039 0.02
Experiment n. 43
0 0.01
101 0.49
201 0.92
302 1.30
403 1.65
503 1.96
603 2.24
705 2.51
805 2.74
906 2.95
1006 3.14
1107 3.30
1208 3.46
1308 3.60
1409 3.73
1510 3.85
1610 3.96
1711 4.05
1812 4.13
1912 4.22
2012 4.29
2114 4.35
2214 4.40
2315 4.45
2416 4.50
2516 4.56
2617 4.59
2718 4.62
2818 4.66
2919 4.68
3020 4.73
3120 4.75
3221 4.77
3321 4.78
3423 4.79
3523 4.80
3623 4.83
3725 4.85
3825 4.86
3925 4.88
4027 4.89
4127 4.90
4227 4.91
4329 4.92
4429 4.92
4529 4.91
4630 4.92
4731 4.92
4832 4.93
4932 4.95
5033 4.96
5134 4.95
5234 4.96
5335 4.95
5436 4.97
5536 4.97
5637 4.97
5738 4.97
5838 4.96
5938 4.96
6040 4.97
Discharging...
0 4.98
101 4.51
202 4.08
302 3.70
403 3.34
503 3.04
604 2.75
705 2.50
805 2.26
906 2.05
1007 1.86
1107 1.69
1207 1.53
1309 1.39
1409 1.26
1510 1.15
1611 1.04
1711 0.95
1812 0.86
1913 0.78
2013 0.71
2114 0.65
2214 0.59
2315 0.53
2416 0.49
2516 0.44
2618 0.40
2718 0.37
2818 0.33
2920 0.30
3020 0.27
3120 0.25
3221 0.23
3322 0.21
3422 0.19
3523 0.17
3624 0.16
3724 0.15
3825 0.13
3926 0.12
4027 0.11
4127 0.10
4227 0.09
4329 0.08
4429 0.08
4529 0.07
4631 0.06
4731 0.06
4831 0.05
4933 0.05
5033 0.04
5134 0.04
5234 0.04
5335 0.03
5436 0.03
5536 0.03
5637 0.03
5738 0.02
5838 0.02
5938 0.02
6040 0.02
Experiment n. 44
0 0.02
100 0.49
202 0.92
302 1.30
403 1.65
503 1.96
604 2.25
705 2.50
805 2.73
906 2.94
1007 3.13
1107 3.31
1207 3.47
1309 3.61
1409 3.73
1509 3.85
1611 3.96
1711 4.05
1812 4.14
1913 4.20
2013 4.28
2114 4.34
2214 4.41
2315 4.46
2416 4.51
2516 4.56
2617 4.58
2718 4.64
2818 4.67
2920 4.70
3020 4.71
3120 4.73
3222 4.76
3322 4.78
3422 4.81
3523 4.82
3624 4.84
3724 4.85
3825 4.86
3926 4.88
4026 4.89
4127 4.90
4228 4.89
4329 4.90
4429 4.91
4530 4.93
4631 4.93
4731 4.93
4832 4.94
4933 4.94
5033 4.96
5133 4.96
5235 4.96
5335 4.95
5435 4.95
5537 4.95
5637 4.97
5738 4.98
5839 4.96
5939 4.98
6040 4.97
Discharging...
0 4.99
100 4.51
201 4.08
301 3.70
402 3.34
503 3.03
603 2.74
704 2.49
805 2.26
905 2.05
1006 1.86
1106 1.69
1207 1.53
1308 1.39
1408 1.27
1509 1.15
1610 1.04
1710 0.94
1811 0.86
1912 0.78
2012 0.71
2114 0.65
2214 0.59
2314 0.54
2415 0.48
2516 0.44
2616 0.40
2717 0.37
2818 0.33
2918 0.30
3019 0.27
3120 0.25
3221 0.23
3321 0.21
3421 0.19
3523 0.18
3623 0.16
3723 0.15
3825 0.13
3925 0.12
4025 0.11
4127 0.10
4227 0.09
4327 0.08
4428 0.08
4529 0.07
4630 0.06
4730 0.06
4831 0.05
4932 0.05
5032 0.04
5133 0.04
5234 0.04
5334 0.03
5434 0.03
5536 0.03
5636 0.02
5736 0.02
5838 0.02
5938 0.02
6039 0.02
Experiment n. 45
0 0.02
100 0.49
201 0.91
301 1.30
402 1.65
503 1.96
603 2.25
703 2.51
805 2.73
905 2.95
1006 3.14
1107 3.31
1207 3.47
1308 3.61
1408 3.73
1509 3.84
1610 3.94
1710 4.04
1811 4.14
1912 4.22
2012 4.29
2113 4.35
2214 4.41
2314 4.47
2416 4.51
2516 4.56
2616 4.58
2717 4.61
2818 4.65
2918 4.70
3019 4.72
3120 4.74
3220 4.77
3321 4.78
3422 4.81
3522 4.82
3623 4.84
3724 4.84
3825 4.85
3925 4.86
4025 4.88
4127 4.90
4227 4.90
4327 4.91
4429 4.93
4529 4.93
4629 4.94
4731 4.94
4831 4.95
4932 4.93
5033 4.94
5133 4.94
5234 4.96
5334 4.97
5435 4.96
5536 4.97
5636 4.96
5737 4.98
5838 4.98
5938 4.98
6039 4.97
Discharging...
0 4.96
100 4.49
202 4.08
302 3.70
402 3.34
503 3.03
604 2.75
704 2.49
805 2.26
905 2.05
1006 1.86
1107 1.69
1207 1.53
1309 1.39
1409 1.26
1509 1.15
1610 1.04
1711 0.94
1811 0.86
1912 0.78
2013 0.71
2113 0.65
2214 0.59
2315 0.54
2415 0.48
2516 0.44
2616 0.40
2718 0.37
2818 0.33
2918 0.30
3020 0.27
3120 0.24
3220 0.23
3322 0.21
3422 0.19
3522 0.18
3623 0.16
3724 0.14
3824 0.14
3925 0.12
4026 0.11
4127 0.10
4227 0.10
4328 0.08
4429 0.08
4529 0.07
4629 0.06
4731 0.06
4831 0.05
4931 0.05
5033 0.04
5133 0.04
5234 0.03
5335 0.03
5435 0.03
5536 0.03
5636 0.02
5737 0.02
5838 0.02
5938 0.02
6039 0.02
Experiment n. 46
0 0.01
100 0.49
201 0.92
302 1.30
402 1.65
503 1.96
604 2.25
704 2.50
805 2.74
905 2.95
1006 3.13
1107 3.30
1207 3.45
1308 3.61
1409 3.73
1509 3.85
1609 3.95
1711 4.05
1811 4.14
1912 4.22
2013 4.29
2113 4.35
2214 4.40
2315 4.45
2415 4.50
2516 4.56
2617 4.60
2717 4.63
2818 4.66
2918 4.68
3020 4.73
3120 4.75
3220 4.77
3322 4.78
3422 4.79
3522 4.80
3624 4.84
3724 4.85
3824 4.85
3926 4.88
4026 4.88
4126 4.90
4227 4.91
4328 4.91
4429 4.92
4529 4.91
4630 4.92
4731 4.93
4831 4.95
4932 4.95
5033 4.95
5133 4.96
5234 4.96
5335 4.97
5435 4.97
5535 4.97
5637 4.96
5737 4.96
5838 4.96
5939 4.98
6039 4.98
Discharging...
0 4.98
101 4.51
201 4.07
302 3.70
402 3.35
503 3.04
604 2.75
704 2.49
805 2.26
906 2.05
1006 1.86
1107 1.69
1208 1.53
1308 1.39
1409 1.27
1510 1.14
1610 1.05
1711 0.95
1811 0.86
1912 0.78
2013 0.71
2113 0.65
2215 0.59
2315 0.53
2415 0.49
2517 0.44
2617 0.41
2717 0.37
2818 0.33
2919 0.30
3019 0.27
3120 0.25
3221 0.23
3322 0.21
3422 0.19
3523 0.18
3624 0.16
3724 0.15
3824 0.13
3926 0.12
4026 0.11
4126 0.10
4228 0.10
4328 0.08
4428 0.08
4530 0.07
4630 0.06
4731 0.06
4831 0.05
4932 0.05
5033 0.04
5133 0.04
5234 0.04
5335 0.03
5435 0.03
5536 0.03
5637 0.02
5737 0.02
5837 0.02
5939 0.02
6039 0.02
Experiment n. 47
1 0.01
101 0.49
201 0.92
302 1.30
402 1.65
503 1.96
604 2.25
704 2.50
805 2.73
906 2.94
1006 3.13
1106 3.30
1208 3.46
1308 3.61
1409 3.73
1510 3.85
1610 3.95
1711 4.05
1812 4.13
1912 4.22
2013 4.29
2113 4.35
2214 4.40
2315 4.45
2415 4.50
2517 4.55
2617 4.59
2717 4.62
2819 4.66
2919 4.69
3019 4.73
3121 4.75
3221 4.77
3321 4.79
3422 4.79
3523 4.81
3623 4.82
3724 4.85
3825 4.87
3926 4.87
4026 4.89
4127 4.89
4228 4.91
4328 4.92
4429 4.92
4530 4.92
4630 4.92
4730 4.92
4832 4.95
4932 4.95
5033 4.94
5134 4.96
5234 4.95
5335 4.97
5436 4.97
5536 4.97
5637 4.97
5738 4.96
5838 4.96
5939 4.97
6039 4.98
Discharging...
0 4.98
101 4.50
201 4.08
303 3.70
403 3.35
503 3.03
604 2.75
705 2.49
805 2.26
906 2.05
1006 1.86
1107 1.69
1208 1.53
1308 1.39
1410 1.27
1510 1.15
1610 1.05
1712 0.95
1812 0.86
1912 0.78
2014 0.71
2114 0.65
2214 0.58
2315 0.53
2416 0.48
2516 0.44
2617 0.40
2718 0.36
2819 0.33
2919 0.30
3020 0.27
3121 0.25
3221 0.23
3321 0.21
3423 0.19
3523 0.18
3623 0.16
3725 0.14
3825 0.13
3925 0.12
4027 0.11
4127 0.10
4228 0.09
4328 0.08
4429 0.08
4530 0.08
4630 0.06
4731 0.05
4832 0.05
4932 0.05
5032 0.04
5134 0.04
5234 0.04
5334 0.04
5436 0.03
5536 0.03
5637 0.03
5738 0.03
5838 0.02
5939 0.02
6039 0.01
Experiment n. 48
0 0.02
101 0.49
201 0.92
302 1.30
403 1.65
503 1.96
604 2.25
705 2.50
805 2.74
906 2.94
1006 3.13
1107 3.30
1208 3.47
1308 3.60
1409 3.73
1510 3.85
1610 3.94
1711 4.06
1812 4.14
1912 4.22
2014 4.28
2114 4.34
2214 4.39
2315 4.46
2416 4.51
2516 4.55
2617 4.59
2718 4.63
2818 4.66
2919 4.70
3020 4.72
3121 4.75
3221 4.76
3322 4.77
3423 4.79
3523 4.82
3623 4.84
3725 4.85
3825 4.87
3925 4.87
4027 4.89
4127 4.90
4227 4.91
4329 4.90
4429 4.91
4530 4.91
4631 4.93
4731 4.94
4832 4.95
4932 4.94
5033 4.96
5134 4.95
5234 4.96
5335 4.97
5436 4.97
5536 4.97
5638 4.96
5738 4.96
5838 4.96
5940 4.98
6040 4.98
Discharging...
0 4.98
101 4.51
202 4.07
302 3.70
403 3.35
504 3.04
604 2.75
705 2.49
805 2.26
907 2.05
1007 1.86
1107 1.69
1208 1.53
1309 1.39
1409 1.27
1510 1.15
1611 1.05
1711 0.95
1812 0.86
1913 0.78
2013 0.71
2114 0.65
2214 0.59
2316 0.53
2416 0.48
2516 0.44
2618 0.40
2718 0.37
2818 0.33
2920 0.30
3020 0.28
3120 0.25
3221 0.23
3322 0.21
3422 0.19
3523 0.18
3624 0.16
3725 0.15
3825 0.13
3926 0.12
4027 0.11
4127 0.10
4228 0.09
4329 0.08
4429 0.08
4529 0.07
4631 0.06
4731 0.06
4832 0.05
4933 0.05
5033 0.04
5134 0.04
5234 0.04
5335 0.03
5436 0.03
5536 0.03
5637 0.02
5738 0.02
5838 0.02
5939 0.02
6040 0.01
Experiment n. 49
0 0.01
101 0.49
202 0.92
302 1.30
403 1.65
504 1.96
604 2.24
705 2.49
805 2.73
906 2.95
1007 3.14
1107 3.31
1207 3.47
1309 3.60
1409 3.74
1510 3.85
1611 3.96
1711 4.04
1812 4.13
1913 4.20
2013 4.29
2114 4.35
2215 4.40
2315 4.46
2416 4.50
2516 4.56
2618 4.59
2718 4.63
2818 4.66
2920 4.68
3020 4.70
3120 4.74
3222 4.77
3322 4.78
3422 4.80
3524 4.83
3624 4.84
3724 4.85
3825 4.86
3926 4.88
4027 4.87
4127 4.88
4228 4.89
4329 4.91
4429 4.92
4530 4.92
4631 4.93
4731 4.93
4832 4.95
4933 4.95
5033 4.95
5134 4.95
5235 4.95
5335 4.95
5436 4.97
5537 4.97
5637 4.96
5738 4.97
5839 4.97
5939 4.98
6040 4.98
Discharging...
0 4.98
100 4.51
201 4.07
301 3.68
403 3.34
503 3.04
603 2.75
704 2.49
805 2.26
905 2.05
1006 1.86
1107 1.69
1207 1.53
1308 1.39
1408 1.26
1509 1.14
1610 1.04
1710 0.94
1812 0.86
1912 0.79
2012 0.71
2114 0.65
2214 0.59
2314 0.53
2416 0.48
2516 0.44
2616 0.40
2717 0.37
2818 0.33
2919 0.31
3019 0.27
3120 0.25
3221 0.23
3321 0.21
3422 0.19
3523 0.18
3623 0.16
3723 0.15
3825 0.13
3925 0.12
4025 0.11
4127 0.10
4227 0.09
4328 0.09
4429 0.08
4529 0.07
4630 0.06
4730 0.06
4831 0.05
4932 0.05
5032 0.04
5133 0.04
5234 0.03
5334 0.03
5434 0.03
5536 0.03
5636 0.02
5737 0.02
5838 0.02
5938 0.02
6039 0.02
Stopping sketch
